site_id XBA XBB
10819 0 1
10902 0 1
10903 0 1
10908 0 1
10946 0 1
10962 0 1
11010 0 1
11013 0 1
11058 0 1
11064 0 1
11094 0 1
11252 0 1
11302 0 1
11307 0 1
11313 0 1
11328 0 1
11463 0 1
11919 0 1
11937 0 1
12030 0 1
12051 0 1
12054 0 1
16810 1 0
16811 1 0
18689 1 0
20683 1 0
20767 1 0
20776 1 0
20877 0 1
22339 0 1
22434 0 1
22491 1 0
22626 1 0
22641 1 0
26855 1 0
26904 0 1
27569 1 0
28538 1 0
29429 0 1
30940 1 0
30962 1 0
31085 1 0
31183 1 0
31184 1 0
31185 1 0
31187 1 0
31189 1 0
31535 1 0
31568 1 0
31574 1 0
31580 1 0
32577 1 0
32655 1 0
32803 1 0
32875 1 0
33410 1 0
34361 1 0
34367 1 0
34445 0 1
34823 1 0
34877 1 0
34892 1 0
38746 1 0
38778 1 0
39057 0 1
39066 0 1
40252 0 1
40301 0 1
40361 0 1
40513 0 1
40708 0 1
42278 1 0
45715 1 0
53146 1 0
54668 1 0
71157 1 0
74177 0 1
74179 0 1
74188 0 1
74314 1 0
74425 1 0
74452 1 0
74470 1 0
84049 0 1
84268 1 0
84280 1 0
84283 1 0
84754 0 1
84790 0 1
84807 0 0.982
84808 0 0.988
84811 0 1
85631 0 1
88140 0 1
88166 0 1
89787 0 1
90490 0 1
90530 0 1
93153 0 1
129895 0 1
130150 0 1
134255 0 1
139922 0 1
144208 0 1
144752 1 0
145092 1 0
145104 0 1
149847 0 1
149873 1 0
155464 0 0.977
155481 0 1
156593 1 0
156767 1 0
156771 1 0
156788 1 0
156791 1 0
156806 1 0
156827 0 1
156885 0 1
157458 1 0.008
157463 1 0
175960 0 1
175975 0 1
176719 1 0
176797 0 1
176905 0 1
182290 0 1
182293 0 1
182299 0 1
182497 0 1
182518 0 1
185980 1 0
185988 0 1
186022 1 0
186043 1 0
186617 0 1
186623 0 1
186625 0 1
186671 0 1
186680 0 1
198460 1 0
198465 0 1
198474 1 0
198492 1 0
200679 1 0
201060 1 0
201483 1 0
201489 1 0
201504 1 0
201522 1 0
205055 1 0
205076 1 0
205109 0 1
205235 1 0
206771 1 0
206791 0 1
206809 1 0
206994 1 0
207002 1 0
207004 0 1
207049 1 0
207097 1 0
207127 1 0
209256 1 0
212528 1 0
212630 1 0
213206 1 0
213288 0 1
221826 1 0
221952 1 0
235055 1 0
235064 0 1
235109 1 0
235131 1 0
235144 0 1
235314 1 0
235571 1 0
235652 1 0
235860 1 0
235902 0 1
235910 0 1
236937 1 0
237036 0 1
237066 1 0
237090 1 0
242798 0 1
243071 0 1
245842 1 0.0146
245965 1 0
245983 1 0
245986 1 0.0112
245995 1 0.00498
246047 1 0
246084 1 0
246094 1 0
246184 1 0
246991 1 0
246999 1 0
247038 1 0
247083 1 0
247228 1 0
247252 1 0
247307 0 1
248569 0 1
248584 0 1
248603 0 1
248626 1 0
248656 1 0
248662 1 0
248672 0 1
248727 1 0
248746 1 0
248766 1 0
248773 1 0
248780 1 0
250519 0 1
250525 0 1
250537 0 1
250708 0 1
250784 1 0
251246 1 0
252584 1 0
253192 1 0
253252 1 0
254433 1 0
255166 0 1
255178 0 1
255196 1 0
259604 0 1
260098 0 1
260153 1 0
260428 1 0
261283 1 0
262641 0 1
262845 0 1
262863 1 0
270703 1 0
274666 0 1
275753 0 1
275913 0 1
275940 0 1
302992 1 0
308157 1 0
311809 1 0
311900 0 0.979
311998 1 0
312112 1 0
313708 1 0
340353 1 0
340372 1 0
340375 0 1
340399 1 0
351853 0 1
351884 1 0
351911 1 0
351912 0 1
351913 1 0
351991 1 0
352116 0 1
352143 0 1
367233 1 0
367239 1 0
367836 1 0
367872 1 0
372728 1 0
372959 1 0
373577 1 0
374556 1 0
374565 0 1
374664 1 0
375472 1 0
375483 0 1
375641 1 0
377303 1 0
377327 1 0
377336 1 0
377345 1 0
377381 1 0
377764 1 0
377767 1 0
377803 1 0
377808 1 0
377866 1 0
377884 1 0
377896 1 0
378548 1 0
378579 1 0
378596 1 0
378629 1 0
378632 1 0
378659 0 1
380315 0 1
382321 1 0
388090 0 1
388159 1 0
388237 1 0
388246 1 0
388249 1 0
390682 1 0.00382
390685 1 0
390706 1 0
390721 0 1
392082 1 0
392097 1 0
392127 1 0
392139 1 0
392142 1 0
392187 1 0
392202 1 0
392223 1 0
392247 1 0
392316 1 0
395238 1 0
395517 1 0
395870 0 1
400137 1 0
400239 1 0
407924 1 0
411081 0 1
413424 0 1
413703 0 1
428962 1 0
428999 0 1
429004 1 0
429037 0 1
429209 0 1
429249 0 1
429272 0 1
429273 0 1
429280 0 1
429314 0 1
429609 1 0
429627 0 1
434507 1 0
434787 1 0
436558 0 1
439160 1 0
439190 1 0
454144 0 1
454230 1 0
454415 0 1
454443 0 1
468276 0 1
480396 0 1
480405 0 1
480420 0 1
480429 0 1
480444 0 1
480459 1 0
480462 1 0
483457 0 1
484930 0 1
485111 0 1
485177 0 1
485186 0 1
487608 1 0
488057 1 0
488298 1 0
488388 1 0
489345 1 0
489857 1 0
494913 0 1
495072 0 1
495136 0 1
496501 0 1
496523 0 1
497571 1 0
497613 1 0
497618 1 0
497630 1 0
497635 1 0
497648 1 0
497659 1 0
497717 1 0
502510 1 0
502511 1 0
502540 1 0
502546 1 0
502572 1 0
502585 0 1
502588 0 1
502603 0 1
502612 0 1
502908 1 0
506114 1 0
506117 1 0
506120 1 0
506124 1 0
506153 1 0
508622 1 0
508638 0 1
508640 0 1
508643 0 1
514947 0 1
514973 0 1
514982 1 0
514991 0 1
515009 1 0
515012 1 0
515055 0 1
515090 1 0
520881 0 1
520918 0 1
521260 0 1
521262 0 1
521289 1 0.00339
521307 0 1
521446 1 0
521472 1 0
538766 0 1
538786 1 0
538896 1 0
539539 1 0
540419 0 1
540792 1 0
542312 1 0
542353 1 0
542376 0 1
542377 0 1
543166 0 1
551631 1 0
552690 1 0
600249 0 1
600252 0 1
600363 0 1
606064 1 0
606369 1 0
617239 1 0
617705 1 0
617920 1 0
618019 1 0
618046 1 0
623197 1 0
637538 1 0
646614 1 0
647909 0 1
647920 1 0
648561 1 0
648974 0 1
658223 1 0
660842 1 0
664715 1 0
671608 1 0
671611 1 0
671794 1 0
671797 1 0
671803 1 0
671806 1 0
671830 1 0
672880 1 0
672887 0 1
672892 0 1
672895 0 1
673147 1 0
682567 1 0
682737 0 1
683802 0 1
686756 1 0
686758 1 0
686760 1 0
686810 1 0
686817 1 0
686818 1 0
686819 1 0
686831 1 0
687022 1 0
687023 1 0
687058 1 0
689973 0 0.9761
690009 1 0
692801 1 0
694181 0 1
695616 0 1
695678 1 0
695685 1 0
695696 1 0
695700 0 1
723622 0 1
723649 1 0
723661 1 0
723718 1 0
724274 0 1
727483 0 1
727503 0 1
727679 1 0
727700 1 0
727701 1 0
731022 1 0
731073 1 0
734197 1 0
734575 1 0
734884 1 0
736444 1 0
736531 0 1
736597 0 1
737446 1 0
738348 1 0
739612 1 0
741058 1 0
742216 1 0
744888 1 0
744957 0 1
745017 1 0
746013 1 0
746014 0 1
746021 1 0
748517 1 0
748880 1 0
749270 1 0
750156 0 1
755558 1 0
755627 1 0
765737 1 0
765765 1 0
765768 1 0
765811 1 0
765844 1 0
765861 1 0
765901 1 0
765927 1 0.09
765998 1 0
766179 1 0.003
774031 1 0
774836 1 0
778216 1 0
781608 1 0
782310 1 0
782390 0 1
782394 0 1
784622 1 0
784675 1 0
784765 1 0
784801 0 1
784804 0 1
784819 0 1
784822 0 1
786479 0 1
788044 1 0
792426 0 1
797003 1 0
797004 1 0
797754 0 1
799153 0 1
799432 0 1
799442 0 1
799443 0 1
799445 0 1
808279 1 0
809704 1 0
812617 0 1
814670 1 0
816535 0 1
817530 1 0
817588 1 0
817797 0 1
817834 0 1
817839 0 1
818143 1 0
818179 0 1
818865 0 1
821084 1 0
821147 1 0
821158 1 0.00321
821183 1 0
821195 1 0
821883 1 0
822299 1 0
822305 1 0
822513 1 0.0197
824304 0 1
828796 0 1
828907 1 0
829189 1 0
830052 0 1
830056 0 1
830107 0 1
830120 0 1
830143 0 1
830170 0 1
841277 1 0
842042 1 0
842058 1 0
842136 1 0
842163 1 0
842894 1 0
844774 0 1
844882 0 1
844896 0 1
844934 0 1
844961 0 1
844967 0 1
844992 0 1
845119 1 0
845149 0 1
846205 0 1
849601 1 0
849700 1 0
850111 1 0
850121 0 1
850144 1 0
850910 1 0
850928 0 1
852832 1 0
854744 0 1
854760 0 1
855841 1 0
855844 1 0
855887 1 0.0061
859033 0 1
862453 0 1
863025 0 1
870629 0 1
871755 1 0
871853 1 0
873777 1 0
874035 1 0
874536 1 0
874563 1 0
874610 1 0
874688 0 1
874691 0 1
874726 0 1
885598 0 1
885613 0 1
886935 1 0
886948 1 0
887920 1 0
887932 1 0
888518 1 0
888901 1 0
888923 1 0
891698 0 1
891726 0 1
891800 0 1
893552 0 1
893563 1 0
902071 1 0
902072 1 0
902078 1 0
902079 1 0
908306 1 0
913757 1 0
913772 1 0
920246 0 1
920447 0 1
920531 0 1
920533 0 1
920605 0 1
921905 0 1
921954 1 0
922507 1 0
923152 1 0
923586 1 0
924239 0 1
925999 1 0
927383 1 0
927386 1 0
929438 0 1
929441 0 1
929561 1 0
931976 1 0
931987 1 0
936311 0 1
936343 0 1
945922 0 1
946663 1 0
946669 1 0
946684 1 0
946685 1 0
946687 1 0
946702 1 0
947222 1 0
947875 0 1
948662 1 0
949682 1 0
950774 1 0
950856 0 1
951378 0 1
951381 0 1
952188 1 0
953887 1 0
953893 1 0
953896 1 0
953917 0 1
955585 0 1
955936 0 1
956002 1 0
963865 0 1
966240 0 1
967277 1 0
967280 1 0
970071 0 1
970154 1 0
971398 0 1
971996 1 0
972094 1 0
972146 0 1
976236 1 0
976299 1 0
976302 1 0.00654
976305 1 0
976308 1 0
976311 1 0
976314 1 0
976800 0 1
976806 0 1
977277 0 1
981068 1 0
984040 0 1
984733 0 1
984773 1 0
985231 0 1
986832 0 0.979
986835 0 0.97
986850 0 0.99
986854 0 0.992
986862 0 1
986874 1 0
987048 0 1
987051 0 1
987060 0 1
987061 0 1
987924 1 0
987972 1 0
987975 1 0
987984 1 0
987993 0 0.973
992026 1 0
992365 1 0
992368 1 0
993810 0 1
993816 0 1
993833 0 1
993951 0 1
1000886 0 1
1001774 1 0
1001778 1 0
1001788 1 0
1001789 1 0
1002688 1 0
1002703 1 0
1003105 1 0
1003204 1 0
1003922 1 0
1003960 0 1
1003982 1 0
1003988 1 0
1004030 1 0
1005598 0 1
1005665 0 1
1005790 0 1
1007151 1 0
1007295 0 1
1007738 0 1
1007767 1 0
1015518 1 0
1015858 0 1
1015876 0 1
1021830 1 0
1021836 1 0
1021837 1 0
1021996 1 0
1022015 1 0
1022016 1 0
1022020 1 0
1022062 1 0
1022071 1 0
1022075 1 0
1023200 1 0
1025724 1 0
1025728 1 0
1025731 0 1
1025734 1 0
1025785 1 0
1025894 1 0
1026778 1 0
1037478 0 1
1097201 0 1
1100026 0 1
1100227 0 1
1102958 1 0
1103010 1 0
1105932 1 0
1108730 1 0
1108744 0 1
1108796 1 0
1110272 1 0
1113882 1 0
1113884 1 0
1113899 1 0
1113916 0 1
1114014 1 0
1114019 1 0.00913
1114033 1 0
1114116 1 0
1114702 1 0
1114803 1 0
1115177 1 0
1115280 1 0
1115557 0 1
1121697 1 0
1121703 1 0
1121779 1 0
1122208 1 0
1123155 0 1
1124118 0 1
1124189 0 1
1124268 1 0
1130911 1 0
1131073 0 1
1131530 0 1
1135615 0 1
1136781 0 1
1140826 1 0
1146093 1 0
1146195 1 0
1147042 1 0
1147141 0 1
1147471 0 1
1147841 0 1
1147856 0 1
1147857 0 1
1148132 1 0
1150920 1 0
1160785 1 0
1163383 1 0
1163415 0 1
1169386 0 1
1169531 0 1
1181324 1 0
1181330 1 0.00295
1181902 0 1
1181972 1 0
1181995 1 0
1182268 1 0
1182495 0 1
1182506 1 0
1182518 1 0
1193591 1 0
1199288 1 0
1199314 0 1
1201185 0 1
1201293 1 0
1206249 1 0
1208032 1 0
1210105 1 0
1210240 1 0
1210294 1 0
1210357 1 0
1210364 1 0
1210396 1 0
1210737 1 0
1210742 1 0
1210744 1 0
1212432 1 0
1212938 0 1
1214490 0 1
1214976 1 0
1214985 1 0
1215078 0 1
1215122 1 0
1215759 0 1
1216324 0 1
1230538 1 0
1231825 1 0
1231849 1 0
1236434 0 1
1238153 0 1
1247095 0 1
1247533 1 0
1250370 0 1
1258010 1 0
1258013 1 0
1258016 1 0
1258028 0 1
1258037 0 1
1258043 1 0
1258055 1 0
1258060 1 0
1258252 0 1
1258260 1 0
1258287 0 1
1258319 1 0
1258377 0 1
1258560 1 0
1258609 1 0
1258621 0 1
1258643 1 0
1258707 1 0
1258716 1 0
1258728 0 1
1258737 0 1
1258872 1 0
1259070 1 0
1259076 0 1
1259123 0 1
1259244 1 0
1259347 1 0
1259359 0 1
1259384 0 1
1259414 0 1
1259452 0 1
1301666 0 0.99
1301762 0 1
1301884 1 0
1301891 0 1
1301984 1 0
1301992 0 1
1302058 0 1
1302064 1 0
1302712 1 0
1304167 0 1
1304184 0 1
1304185 0 1
1304384 1 0
1304385 1 0
1304411 1 0
1304779 1 0
1304791 1 0
1304797 0 1
1304803 1 0
1305407 1 0
1305456 1 0
1305467 0 1
1305485 1 0
1313681 1 0
1314449 1 0
1314452 1 0
1316026 1 0
1316028 1 0
1316241 1 0
1316243 1 0
1316244 1 0
1316247 1 0
1316325 1 0
1317009 0 1
1317021 0 1
1317024 0 1
1335283 1 0
1335284 1 0
1335285 1 0
1336505 0 1
1336508 0 1
1336520 0 1
1336528 0 1
1341179 1 0
1341191 0 1
1341193 1 0
1341206 0 1
1341325 0 1
1341326 0 1
1341340 0 1
1341383 0 1
1341389 0 1
1341394 0 1
1341569 0 1
1341572 0 1
1341602 0 1
1348652 1 0
1348692 1 0
1348697 0 1
1349772 1 0
1349777 0 1
1349822 0 1
1352127 0 1
1354863 1 0
1355652 0 1
1369300 0 1
1370125 0 1
1370236 0 1
1370239 0 1
1370242 0 1
1370245 0 1
1370464 0 1
1370465 0 1
1370483 0 1
1370507 0 1
1370511 0 0.996
1370604 0 1
1370620 0 1
1370625 0 1
1370745 0 1
1370748 0 1
1370754 0 1
1370760 0 1
1370786 0 1
1373369 1 0
1374294 1 0
1380541 1 0
1382852 1 0
1383628 1 0
1388420 1 0
1388437 1 0
1388626 0 1
1388710 1 0
1409958 1 0
1410686 0 1
1410775 0 1
1414598 0 1
1424154 1 0
1426698 0 1
1426753 1 0
1426791 1 0
1426811 1 0
1426825 1 0
1426834 1 0
1426845 1 0
1426872 1 0
1426908 1 0
1426968 1 0
1427391 0 1
1427419 0 1
1427517 1 0
1427538 1 0
1438404 1 0
1438618 0 1
1438674 0 1
1439371 0 1
1439394 0 1
1439397 0 1
1439406 0 1
1439409 0 1
1439418 0 1
1439454 0 1
1439559 0 1
1439562 0 1
1439767 0 1
1439768 0 1
1439781 0 1
1439811 0 1
1439812 1 0
1439990 1 0
1440002 1 0
1440047 1 0
1440143 0 1
1440215 1 0
1440244 0 1
1440288 0 1
1440299 0 1
1440323 0 1
1440739 0 1
1446718 0 1
1446733 0 1
1447029 0 1
1448992 1 0
1449373 1 0
1449535 1 0
1449992 0 1
1449995 0 1
1449998 0 1
1450019 0 1
1450034 0 1
1450120 0 1
1462615 1 0
1462794 1 0
1462795 1 0
1462804 1 0
1462810 1 0
1462825 1 0
1465273 1 0
1466039 0 1
1466067 0 1
1466079 0 1
1467299 1 0
1469094 0 1
1469163 1 0
1471200 0 1
1471223 0 1
1471237 0 1
1471372 0 1
1473467 0 1
1473473 0 1
1485502 1 0
1485749 0 1
1485755 1 0
1485779 1 0
1485781 1 0
1485812 1 0
1487031 1 0
1487376 0 1
1487379 0 1
1487635 1 0
1487652 1 0
1487799 0 1
1487988 1 0
1492101 1 0
1496922 1 0
1497046 0 1
1497051 0 1
1497078 1 0
1497099 1 0
1497218 0 1
1497219 1 0
1497223 0 1
1497229 0 1
1497237 1 0
1497258 0 1
1497263 0 1
1497627 1 0
1497637 1 0
1497648 0 1
1497654 1 0
1497774 1 0
1499590 0 1
1499593 0 1
1500140 0 0.985
1500160 0 1
1500163 0 1
1500203 0 1
1500230 1 0
1500232 1 0
1500257 1 0.00513
1500258 1 0
1501054 0 1
1501055 0 1
1501056 0 1
1501063 0 1
1501066 0 1
1501405 0 1
1501423 0 1
1501909 1 0
1501933 1 0.00826
1501936 1 0
1501939 0 1
1501942 1 0
1501951 0 1
1502716 0 1
1502719 1 0
1502731 1 0
1502740 0 1
1502754 0 1
1502840 0 1
1502849 1 0
1503923 0 1
1503925 1 0
1503938 0 1
1503941 1 0
1503950 0 1
1503953 1 0
1503962 0 1
1503980 0 1
1503986 0 1
1504289 0 1
1504295 1 0
1504301 1 0
1504313 1 0
1504316 0 1
1504331 1 0
1504334 1 0
1504337 0 1
1509326 0 1
1509569 1 0
1510053 0 1
1510065 0 1
1511286 1 0
1511927 0 1
1521536 0 1
1521832 0 1
1521940 0 1
1521961 0 1
1521966 0 1
1521973 0 1
1522000 0 1
1522021 0 1
1522027 0 1
1522030 0 0.977
1522051 0 1
1522721 0 1
1522722 0 1
1522723 0 1
1522732 0 1
1522861 0 1
1523002 0 1
1523230 1 0.00444
1523359 1 0
1523495 0 1
1536637 0 1
1541006 1 0
1554227 1 0
1554240 0 1
1554242 0 1
1554253 0 1
1554265 1 0
1554266 1 0
1554689 0 1
1554785 1 0
1581083 0 1
1590974 0 1
1593237 1 0
1593391 1 0
1593396 1 0
1593399 1 0
1593594 1 0
1594392 1 0
1600508 0 1
1602969 1 0
1602973 1 0
1603167 0 1
1605587 0 1
1612191 1 0
1612358 1 0
1612790 0 1
1612850 1 0
1613143 1 0.00347
1613542 1 0.186
1613600 1 0
1618150 0 1
1618254 0 0.905
1618329 0 1
1618422 0 1
1618475 1 0
1618553 0 1
1620158 1 0
1624086 0 1
1628383 1 0
1628443 1 0
1628572 1 0
1628676 1 0
1629596 0 1
1629730 1 0
1632046 1 0
1633186 1 0
1633195 1 0
1633248 0 1
1633268 1 0
1634607 1 0
1642006 0 1
1642060 1 0
1642078 0 1
1647547 0 1
1647577 1 0
1647596 1 0
1647620 0 1
1647884 1 0
1648313 1 0
1648323 0 1
1648325 0 1
1648328 0 1
1648347 0 1
1648380 0 1
1666162 1 0
1670920 0 1
1671014 0 1
1671066 0 1
1671084 0 1
1672684 0 1
1672690 0 1
1672711 0 1
1672816 0 1
1672822 0 1
1680353 0 1
1680927 0 1
1680933 0 1
1680984 0 1
1680985 0 1
1681029 0 1
1681032 0 1
1681099 0 1
1681144 0 1
1681186 0 1
1681217 0 1
1681278 0 1
1681280 0 1
1681310 0 1
1681352 0 1
1681707 0 1
1681713 0 1
1681715 0 1
1681860 0 1
1681910 1 0
1681911 1 0
1681912 1 0
1681928 0 1
1681972 0 1
1695663 1 0
1695675 1 0
1695741 1 0
1695810 1 0
1700705 0 1
1701698 1 0
1701789 1 0
1704391 0 1
1708721 0 1
1708728 0 1
1716994 0 1
1716997 0 1
1718271 0 1
1718436 0 1
1720606 0 1
1720633 1 0
1720667 1 0
1721138 1 0
1721154 1 0
1721170 0 1
1723152 1 0
1723186 1 0
1723213 1 0
1724374 0 1
1724397 1 0
1724421 1 0
1724424 1 0
1724433 1 0
1724479 1 0
1725806 0 1
1725873 0 1
1725884 0 1
1726026 1 0
1726065 0 1
1728157 1 0
1744069 1 0
1744094 1 0
1744694 1 0
1744695 1 0
1745611 1 0
1746733 0 1
1746820 1 0
1747653 1 0
1749990 1 0
1750104 1 0
1752501 0 1
1752523 0 1
1755884 1 0
1755887 1 0
1756040 1 0
1757895 0 1
1757967 1 0
1757969 0 1
1757982 1 0
1759041 1 0
1759378 0 1
1763410 0 1
1763435 0 0.952
1766115 1 0
1766160 1 0
1766231 0 1
1767432 1 0
1778097 1 0
1780087 1 0
1788392 1 0
1788753 0 1
1793326 0 1
1800975 1 0
1801005 1 0
1801086 1 0
1801092 1 0
1801093 1 0
1801176 1 0
1801191 1 0
1801197 0 1
1801200 1 0
1801212 1 0
1801360 1 0
1801417 1 0
1801519 1 0
1801540 1 0
1809966 1 0
1809991 0 1
1814170 0 1
1816192 1 0
1818474 1 0
1823289 0 1
1823597 0 1
1823798 1 0
1823834 0 1
1823837 0 1
1823840 0 1
1823858 0 1
1823924 1 0
1826333 0 1
1826339 0 1
1826483 1 0
1826486 1 0
1827029 0 1
1827046 1 0
1827231 1 0
1827577 1 0
1827611 1 0
1827613 1 0
1827617 1 0
1827622 1 0
1828845 1 0
1828866 1 0
1829733 1 0
1831967 1 0
1832093 1 0
1832828 1 0
1832918 1 0
1833639 0 1
1833732 1 0
1833829 0 0.991
1833831 0 1
1833832 0 0.969
1833833 0 0.979
1833835 0 1
1836295 1 0
1836724 1 0
1839410 0 1
1839594 0 1
1839602 0 1
1839944 0 1
1840172 0 1
1840687 0 1
1840714 1 0
1840753 0 1
1840760 1 0
1840763 1 0
1840796 1 0
1840801 1 0
1840828 0 1
1840871 1 0
1840914 1 0
1840930 0 1
1840931 1 0
1840937 1 0
1841478 1 0
1843130 0 1
1843135 0 1
1845071 1 0
1851172 0 1
1851855 1 0
1852420 1 0
1852522 1 0
1852599 1 0
1852618 1 0
1852625 1 0
1852634 1 0
1854671 0 1
1856060 1 0
1856927 1 0
1856930 1 0
1856936 1 0
1856942 1 0
1856963 1 0
1856981 1 0
1866713 1 0
1866773 1 0
1868601 0 1
1874792 0 1
1874831 1 0
1874986 1 0
1874997 1 0
1881449 0 1
1881491 0 1
1881642 0 1
1881918 0 1
1884048 1 0
1884458 1 0
1884466 1 0
1885132 1 0
1885142 1 0
1886547 1 0
1887752 0 1
1887762 0 1
1887771 0 1
1887794 0 1
1887998 0 1
1889460 0 1
1889490 0 1
1895050 1 0
1895142 1 0
1896538 1 0
1898442 1 0
1898754 0 1
1898928 1 0
1900812 0 1
1902098 0 1
1902099 0 1
1902100 0 1
1902101 0 1
1902102 0 1
1916452 1 0
1919415 1 0
1919438 0 1
1919700 1 0
1919707 1 0
1919736 1 0
1919739 0 1
1919741 1 0
1919758 1 0
1919764 0 1
1919791 1 0
1921999 1 0.00318
1966153 1 0
1968514 0 1
1968686 0 1
1969257 0 1
1972819 0 1
1972867 0 1
1980606 1 0
1980645 0 1
1995793 0 1
1996187 1 0
1996267 0 1
1996270 0 1
1996300 0 1
2003694 0 1
2004584 1 0
2004606 1 0
2004608 1 0
2004610 1 0
2004614 1 0
2004630 1 0
2006234 1 0
2007394 1 0
2007741 1 0
2007798 1 0
2007828 1 0
2007846 1 0
2007864 1 0
2007939 1 0
2008779 1 0
2008935 1 0
2009138 1 0
2009160 1 0
2009188 1 0
2009233 0 1
2009245 1 0
2009247 1 0
2009248 1 0
2009254 0 1
2009262 0 1
2009427 1 0
2012223 0 1
2029137 1 0
2029377 0 1
2029453 1 0
2030984 0 1
2030987 0 1
2030993 0 1
2031536 0 1
2031557 0 1
2031560 0 1
2031563 0 1
2031602 0 1
2035864 1 0
2035935 1 0
2035938 1 0
2035941 1 0
2036061 1 0
2036085 1 0
2037501 0 1
2040060 0 1
2042300 1 0
2042314 1 0
2051409 1 0
2051877 1 0
2052068 1 0
2056263 0 1
2056275 1 0
2056284 1 0
2056285 1 0
2056290 1 0
2056371 1 0
2076379 1 0
2078767 0 0.893
2082588 1 0
2082591 1 0
2082601 1 0
2082606 1 0
2082679 1 0
2083132 1 0
2084753 1 0
2084813 1 0
2084825 1 0
2084855 1 0
2084879 1 0
2084882 1 0
2084899 1 0
2084993 1 0
2084996 1 0
2084999 1 0
2085017 1 0
2085020 1 0
2085035 1 0
2085041 1 0
2085050 1 0
2085535 1 0
2085581 1 0
2085716 1 0
2085731 1 0
2085806 1 0
2089398 1 0
2089413 1 0
2089440 1 0
2089470 1 0
2089475 1 0
2089482 1 0
2089506 1 0
2089512 1 0
2090323 0 1
2091879 0 1
2091892 1 0
2091954 1 0
2094917 1 0
2094919 0 1
2094983 1 0
2095038 1 0
2097852 1 0
2098011 0 1
2098014 0 1
2104046 1 0
2104348 1 0
2104351 1 0
2104552 1 0
2104558 1 0
2106087 1 0.0161
2106110 0 1
2106136 1 0
2117995 1 0
2118012 0 1
2118257 0 1
2118390 0 1
2127369 1 0
2127846 1 0
2127879 1 0
2127906 0 1
2128014 1 0
2128194 1 0
2129223 1 0
2131385 0 1
2132255 1 0
2132270 1 0
2133256 1 0
2133297 1 0
2133310 1 0
2133361 1 0
2137562 1 0
2140560 1 0
2144648 1 0
2146568 1 0
2146591 0 1
2146713 0 1
2146754 0 1
2146765 0 1
2146804 1 0
2146991 1 0
2147003 0 1
2147009 1 0
2147027 0 1
2147477 0 1
2147779 0 1
2147862 0 1
2147879 0 1
2154029 0.143 1
2155057 0 1
2159106 1 0
2159610 0 1
2160511 0 1
2160529 0 1
2160661 0 1
2160673 0 1
2160680 0 1
2160748 0 1
2160751 0 1
2204079 0 1
2204091 1 0
2204094 1 0
2207135 1 0
2207364 1 0
2207380 1 0
2211609 1 0
2211615 1 0
2211819 0 1
2212730 1 0
2212731 1 0
2212732 1 0
2212733 1 0
2212984 1 0
2216306 0 1
2216558 0 1
2218927 1 0
2219042 1 0
2220398 1 0
2222196 0 1
2222469 0 1
2224670 0 1
2225064 1 0
2225079 1 0
2225094 0 1
2226417 1 0
2226793 0 1
2227642 1 0
2231115 1 0
2232136 1 0
2232576 1 0
2232784 0 1
2232820 0 1
2232924 1 0
2232978 0 1
2240414 1 0
2240460 0 1
2240469 0 1
2240523 0 1
2240544 0 1
2242347 1 0
2242352 1 0
2242353 1 0
2242382 1 0
2242383 0 1
2242423 0 1
2242426 0 1
2242443 0 1
2242740 0 1
2242752 1 0
2242755 0 1
2242758 0 1
2242782 0 1
2242809 0 1
2258086 1 0
2258095 0 1
2258107 1 0
2258119 0 1
2258197 0 1
2258244 0 1
2258323 0 1
2258579 0 1
2258591 0 1
2258606 0 1
2258660 0 1
2258729 0 1
2259044 0 1
2259164 1 0
2259422 0 1
2259476 1 0
2259578 0 1
2259662 0 1
2259666 0 1
2259701 0 1
2259702 0 1
2261009 0 1
2261045 0 1
2262026 0 1
2262209 0 1
2262230 0 1
2262233 0 1
2263134 0 1
2263139 1 0
2263145 0 1
2263157 0 1
2263869 1 0
2263968 0 1
2264000 1 0
2265613 0 1
2265645 0 1
2266237 0 1
2266275 0 1
2266276 0 1
2266497 1 0
2266510 1 0
2266558 0 1
2266567 1 0
2266597 0 1
2267728 1 0
2267755 0 1
2267773 1 0
2268041 1 0
2270153 1 0
2270538 1 0.00862
2270571 1 0
2271611 1 0
2271638 1 0
2271749 1 0
2272058 0 1
2272182 0 1
2272411 0 1
2272420 1 0
2272423 1 0
2273476 0 1
2273755 0 1
2274064 1 0
2274143 1 0
2275228 1 0
2275353 1 0
2276102 1 0
2276195 1 0
2276206 1 0
2276526 0 1
2276592 0 1
2276616 1 0
2276778 1 0
2276853 1 0
2276877 0 1
2276889 0 1
2276922 0 1
2277039 1 0
2277111 1 0
2277171 0 1
2279036 1 0
2282771 1 0
2282822 0 1
2282843 1 0
2282870 0 1
2283441 1 0
2283782 1 0
2283824 1 0
2284244 0 1
2284257 1 0
2284278 1 0
2284287 1 0
2284291 0 1
2284292 1 0
2284294 0 1
2284298 1 0
2284299 1 0
2284442 1 0
2284465 0 1
2284637 1 0
2284645 1 0
2284717 1 0
2284726 0 0.982
2284802 1 0
2284975 0 1
2285179 0 1
2285206 0 1
2285227 1 0.00694
2285254 1 0
2285585 1 0
2285633 1 0
2300551 1 0.187
2303287 1 0.0103
2303288 1 0
2303302 0 1
2303406 1 0
2304007 0 1
2304127 1 0
2304136 0 1
2304709 1 0
2304715 1 0
2304718 1 0
2304721 1 0
2304771 1 0
2305763 0 1
2305777 1 0
2305947 1 0
2306676 0 1
2306681 0 1
2306706 0 1
2307105 0 1
2308095 0 1
2308536 0 1
2308806 0 1
2311837 1 0
2311897 1 0
2311957 1 0
2313460 1 0
2314045 1 0
2314051 1 0
2317701 1 0
2317737 1 0
2319048 1 0
2319186 1 0
2319291 1 0
2319573 0 1
2319594 0 1
2319600 0 1
2319684 1 0
2319966 0 1
2320152 0 1
2320350 1 0
2320458 1 0
2320518 0 1
2320542 0 1
2320602 0 1
2320614 0 1
2320629 0 1
2320643 0 1
2321287 0 1
2325439 0 1
2325445 0 1
2325466 0 1
2325514 0 1
2325526 0 1
2325535 0 1
2325700 0 1
2325724 0 1
2325919 0 1
2328571 0 1
2328573 0 1
2328582 0 1
2328745 0 1
2328751 0 1
2328799 0 1
2328826 0 1
2328862 1 0
2328889 0 1
2328916 1 0
2328986 0 1
2328988 0 1
2328994 0 1
2329001 1 0
2329006 0 1
2329012 0 1
2329048 0 1
2329057 0 1
2329093 0 1
2329708 0 1
2329711 0 1
2329725 0 1
2329730 0 1
2329756 0 1
2329771 0 1
2329774 0 1
2329839 1 0
2332008 0 1
2334309 0 1
2334530 0 1
2337565 1 0
2337583 1 0
2338418 0 1
2338429 1 0
2340456 1 0
2342252 0 1
2342259 0 1
2343379 0 1
2344742 0 1
2344753 0 1
2344764 0 1
2344771 0 1
2345299 0 1
2347102 1 0
2347119 1 0
2349086 0 1
2349307 0 1
2349340 0 1
2349466 0 1
2349478 1 0
2349487 0 1
2349489 0 1
2349529 0 1
2350489 0 1
2353459 1 0.0142
2353461 1 0.0149
2353466 1 0.0147
2353483 1 0
2353608 1 0
2353614 1 0
2353647 0 1
2353659 0 1
2355592 1 0
2357378 0 1
2357387 0 1
2357399 1 0
2357405 0 1
2357459 1 0
2357460 0 1
2357618 0 1
2358173 0 1
2364320 0 1
2364325 0 1
2364326 0 1
2364347 0 1
2364350 0 1
2364368 0 1
2367389 0 1
2367620 1 0
2367662 1 0
2367743 1 0
2367749 1 0
2367755 1 0
2367758 1 0
2367851 1 0
2367869 1 0
2367890 1 0
2367965 1 0
2367983 1 0
2368007 1 0
2368076 1 0
2368157 1 0
2368916 0 1
2369345 1 0
2369348 1 0
2371591 0 1
2371765 1 0
2374585 1 0
2381720 1 0
2381729 1 0
2408277 1 0
2409854 1 0
2427958 0 1
2440234 1 0
2440297 1 0
2440921 0 1
2441578 0 1
2441677 1 0
2441794 0 1
2441934 1 0
2442057 0 1
2442137 0 1
2442956 1 0
2442994 0 1
2445452 0 1
2445462 0 1
2445537 0 1
2445807 1 0
2446806 1 0
2446809 1 0
2447488 1 0
2447518 0 1
2447538 1 0
2447539 1 0
2447599 1 0
2453306 1 0
2453811 1 0
2454324 0 0.849
2455397 1 0
2461711 0 1
2461797 1 0
2461876 0 1
2461885 0 1
2468109 1 0
2468154 1 0
2468165 1 0
2468731 1 0
2468880 1 0.0036
2470227 1 0
2470332 1 0
2470356 1 0
2470424 1 0
2470472 1 0
2470513 1 0
2470954 1 0
2471128 1 0
2471176 1 0
2471251 1 0
2471479 1 0
2472121 1 0
2472241 1 0
2472250 1 0
2472253 1 0
2472256 1 0
2472265 1 0
2472284 1 0
2472332 1 0
2472460 1 0
2472493 1 0
2472595 1 0
2472952 1 0
2472973 0 0.997
2473011 0 1
2473024 0 1
2473025 0 1
2473124 0 1
2473140 0 1
2473152 0 1
2473812 1 0
2495955 1 0
2495972 1 0
2496542 1 0
2496766 1 0
2496927 1 0
2497271 0 1
2497439 1 0
2497444 1 0
2497490 1 0
2498252 1 0
2498407 0 1
2498458 0 1
2500977 0 1
2500989 0 1
2501016 0 1
2501037 0 1
2501061 0 1
2510119 0 1
2546853 1 0
2547111 1 0
2547852 1 0
2547894 0 1
2550442 1 0
2552978 1 0
2552992 1 0
2554171 1 0
2555220 1 0
2555241 1 0
2556524 1 0
2556589 0 1
2562427 1 0
2565214 1 0
2566598 1 0
2578867 1 0
2579078 0 1
2579317 0 1
2580398 0 1
2580533 1 0
2580539 1 0
2580680 1 0
2580686 1 0
2582668 0 1
2582772 0 1
2582934 1 0
2582940 1 0
2583288 0 1
2583581 0 1
2583689 0 1
2583821 1 0
2584085 0 1
2585109 0 1
2585277 0 1
2588905 0 1
2591041 1 0
2591214 0 1
2593549 0 1
2593659 0 1
2593685 0 1
2593727 0 1
2609076 1 0
2609856 0 1
2610315 1 0
2610326 0 1
2610629 1 0
2610669 1 0
2614095 1 0
2614103 1 0
2614110 0 1
2614112 1 0
2614117 0 1
2614118 1 0
2614137 1 0
2614192 0 1
2614421 1 0
2614451 1 0
2614495 0 1
2614498 1 0
2614606 1 0
2614630 0 1
2614634 1 0
2614663 1 0
2614672 1 0
2615696 1 0
2615702 0 1
2615708 1 0
2621149 0 1
2621888 0 1
2623374 1 0
2623856 0 1
2624767 1 0
2624851 1 0
2624854 1 0
2624949 1 0
2624958 1 0
2624962 1 0
2624989 1 0
2625154 0 1
2625181 1 0
2625520 1 0
2626067 1 0
2626093 1 0
2626644 1 0
2627160 0 1
2632407 0 1
2632812 1 0
2632908 0 1
2633150 1 0
2633342 0 1
2634172 0 1
2634174 1 0
2634187 1 0
2634193 1 0
2634196 1 0
2634198 0 1
2634219 0 1
2634220 0 1
2634229 1 0
2634244 0 1
2634253 1 0
2634306 1 0
2634322 1 0
2634325 1 0
2634335 1 0
2634340 1 0
2634403 1 0
2634433 1 0
2634511 1 0
2634526 1 0
2634675 0 1
2634699 0 1
2634721 0 1
2634732 0 1
2634749 0 1
2634755 1 0
2634844 0 1
2634921 0 1
2634932 0 1
2634933 0 0.99353
2634943 1 0
2635128 0 1
2635475 0 1
2635477 0 1
2635631 1 0
2635644 1 0
2635817 0 1
2635827 1 0
2635936 0 1
2636433 0 1
2663952 0 0.977
2664234 1 0
2664879 1 0
2664932 0 1
2664935 0 1
2664944 0 1
2664949 0 1
2664956 0 1
2666133 0 1
2666802 1 0
2666879 0 1
2666931 1 0
2666970 1 0
2667521 0 1
2667987 1 0
2668026 1 0
2668032 1 0
2668371 1 0
2669236 1 0
2669303 0 1
2669560 1 0
2670298 1 0
2671056 1 0
2671059 0 1
2677224 1 0
2677256 1 0
2677257 1 0
2682931 0 1
2683603 1 0
2683639 1 0
2683645 0 1
2683663 1 0
2683684 1 0
2683756 0 1
2683759 0 1
2683828 1 0
2683884 1 0
2683906 1 0
2683909 1 0
2684143 1 0
2695826 0 1
2695892 1 0
2695940 1 0
2696003 1 0
2696009 1 0
2696411 1 0
2696481 0 1
2697747 1 0
2697766 1 0
2697777 1 0
2697779 1 0
2698836 0 1
2698957 1 0
2700672 0 1
2701772 1 0
2701940 1 0
2703155 1 0
2703287 1 0
2704189 1 0
2704447 1 0
2705560 1 0
2705575 1 0
2705584 1 0
2706453 1 0
2706501 1 0
2707607 0 1
2707829 0 1
2707907 1 0
2707997 0 1
2708000 0 1
2708047 0 1
2708345 0 1
2708385 0 1
2708451 1 0
2708459 1 0
2708484 1 0
2709137 1 0
2709505 0 1
2710655 1 0
2711282 1 0
2711286 1 0
2711300 1 0
2711337 1 0
2711384 1 0
2711575 0 1
2711576 1 0
2711610 0 1
2713490 1 0
2713796 0 1
2713886 1 0
2714285 1 0
2715512 0 1
2715674 1 0
2715697 0 1
2715833 1 0
2715940 1 0
2717192 0 1
2717279 1 0
2717619 0 1
2717622 0 1
2717625 0 1
2717631 0 1
2721359 1 0
2724785 1 0
2726549 1 0
2728605 1 0
2745241 1 0
2745247 1 0.00319
2745256 1 0
2745288 0 1
2745304 1 0
2749295 1 0
2749388 0 1
2749406 0 1
2749412 0 1
2749421 1 0.00526
2749442 1 0
2749451 1 0
2749590 1 0
2749686 1 0
2750912 1 0
2757147 0 1
2758371 1 0
2758545 1 0
2758548 1 0
2758578 0 1
2760574 0 1
2762334 0 1
2762921 0 1
2764027 1 0
2765568 1 0
2765885 0 1
2766226 0 1
2766343 0 1
2766358 0 1
2767956 1 0
2768359 0 1
2768785 1 0
2769701 1 0
2770429 1 0
2772246 0 1
2772588 1 0
2772759 1 0
2773712 1 0.00413
2776623 1 0
2776735 0 1
2776900 0 1
2776987 1 0
2777385 1 0
2777388 1 0
2777391 0 1
2777938 0 1
2784578 1 0
2784592 1 0
2784632 1 0
2784704 1 0
2784710 1 0
2785403 0 1
2787594 0 1
2789585 1 0
2790008 1 0
2790119 0 1
2790335 1 0
2790341 1 0
2791012 0 1
2791031 1 0
2791118 1 0
2792166 1 0
2792196 1 0
2792361 0 1
2792493 1 0
2793953 1 0
2797341 0 1
2799777 0 1
2799888 0 1
2799918 0 1
2801236 0 1
2801444 0 1
2801776 0 1
2801794 0 1
2801839 0 1
2804894 0 1
2805302 1 0
2824247 1 0
2825143 0 1
2825224 1 0
2825632 1 0
2825656 0 1
2825659 0 1
2828776 1 0
2828821 1 0
2829250 0 1
2829891 1 0
2829940 1 0
2829970 1 0
2829977 1 0
2829996 0 1
2830702 1 0
2831233 1 0
2831575 1 0
2831838 0 1
2832822 1 0
2832826 1 0
2832860 0 1
2833962 0 1
2835418 0 1
2835634 1 0
2835652 1 0
2835681 1 0
2835697 1 0
2856541 1 0
2856705 0 1
2856742 1 0
2856808 1 0
2863081 1 0
2863084 1 0
2863093 1 0
2863228 1 0
2960165 1 0
2962228 1 0
2962229 1 0
2962424 1 0
2962443 0 1
2962446 0 1
2962745 0 1
2962839 0 1
2963166 0 1
2963188 0 1
2963208 0 1
2963230 1 0
2964097 0 0.993
2964396 0 1
2965788 0 1
2966461 0 1
2966486 0 1
2966495 0 1
2966500 0 1
2966503 0 1
2966512 0 1
2966609 0 1
2968575 1 0
2968752 0 1
2968895 0 1
2968904 0 1
2969424 1 0
2976157 1 0
2976172 1 0
2976181 1 0
2976191 1 0
2976208 1 0
2976217 1 0
2976542 1 0
2976753 1 0
2978634 0 1
2978669 0 1
2986272 0 1
2986635 1 0
2986653 1 0
2986811 1 0
2986827 1 0
2986830 1 0
2986866 1 0
2989049 1 0
2992430 0 1
2992460 0 1
2992463 0 1
2992478 0 1
2992496 0 1
2992508 0 1
2993654 1 0
2993790 1 0
2994284 1 0
2995171 1 0
2996467 1 0
2998120 1 0
3007966 0 1
3064810 0 1
3064825 0 1
3066605 1 0
3067518 0 1
3068416 1 0
3068800 0 1
3069032 0 1
3070839 1 0
3071339 1 0
3071356 1 0
3071375 1 0
3071403 1 0
3071470 1 0
3071477 1 0
3071516 1 0
3071698 1 0
3071908 1 0
3072632 0 1
3073236 1 0
3073307 1 0
3075653 1 0
3075850 1 0
3075981 1 0
3076836 1 0
3077954 0 1
3078296 0 1
3078706 1 0
3078800 1 0
3078825 1 0
3078905 0 1
3079877 1 0
3079928 1 0
3081403 0 1
3082185 1 0
3082310 0 1
3082463 1 0
3082478 1 0
3082502 1 0
3087234 1 0
3088454 1 0
3091627 1 0
3091918 1 0
3093260 1 0
3093890 1 0
3094634 1 0
3094640 1 0
3095294 0 1
3095351 1 0
3099161 1 0
3099203 0 1
3104280 1 0
3106646 1 0
3106809 1 0
3106835 1 0
3106985 0 1
3107033 1 0
3107790 1 0
3108358 1 0
3108715 0 1
3110453 0 1
3110497 0 1
3110498 0 1
3110578 0 1
3110625 0 1
3110771 0 1
3111392 1 0
3111428 1 0
3111500 1 0
3111592 1 0
3111621 1 0
3111925 0 1
3112342 1 0
3112453 1 0
3112465 1 0
3112636 1 0
3112642 1 0
3112693 1 0
3112897 1 0
3112900 1 0
3112906 1 0
3113029 0 1
3113137 0 1
3113173 0 1
3113175 0 1
3113176 0 1
3113252 0 1
3113380 0 1
3113419 0 1
3113470 0 1
3115225 0 1
3115255 0 1
3115260 0 1
3115272 0 1
3115300 1 0
3115333 0 1
3115434 1 0
3115468 1 0
3115477 1 0
3115689 0 1
3115690 0 1
3115756 0 1
3115768 1 0
3115769 1 0
3115771 1 0
3115772 0 1
3133727 0 1
3133826 0 1
3133883 0 1
3133895 1 0
3134021 0 1
3135084 1 0
3135277 1 0
3135321 1 0
3135989 1 0
3136040 1 0
3136595 0 1
3137972 0 1
3138017 1 0
3138019 1 0
3138079 1 0
3138105 0 1
3138614 1 0
3138807 0 1
3141209 1 0
3141296 1 0
3143178 1 0
3143181 1 0
3153161 0 1
3156033 0 1
3157067 0 1
3157110 1 0
3162115 0 1
3162167 0 1
3162187 0 1
3162190 0 1
3162221 1 0
3162247 0 1
3162251 0 1
3162439 1 0
3163000 1 0
3163381 1 0
3163691 1 0
3163710 0 1
3163725 1 0
3163794 0 1
3164114 1 0
3164201 0 1
3164270 1 0
3164954 0 1
3165124 1 0
3165151 1 0
3165335 1 0
3165434 1 0
3165437 1 0
3166164 0 1
3166195 0 1
3166261 1 0
3166351 0 1
3166352 0 1
3166389 1 0
3166505 1 0
3166514 0 1
3170782 1 0
3175646 1 0
3175664 1 0
3175780 0 1
3176615 1 0
3176661 0 1
3177969 1 0
3178074 0 1
3180294 0 1
3180301 0 1
3180305 0 1
3180330 0 1
3180428 1 0
3180503 1 0
3180533 1 0
3180537 1 0
3180540 1 0
3180543 1 0
3180553 1 0
3180801 1 0
3180819 1 0
3180825 1 0
3180846 1 0
3180877 1 0
3180954 1 0
3180963 1 0
3180967 1 0
3180971 1 0
3229047 1 0
3236067 0 1
3236073 1 0
3239524 1 0
3239530 1 0
3239575 1 0
3239626 1 0
3240784 0 1
3240790 0 1
3240802 0 1
3240803 0 1
3240824 0 1
3240826 0 1
3241324 0 1
3246541 0 1
3246557 0 1
3246624 0 1
3248535 1 0
3248538 1 0
3248547 1 0
3248550 1 0
3248556 1 0
3248565 1 0
3248573 1 0
3248576 1 0
3248580 1 0
3248606 1 0
3248607 1 0
3249255 1 0
3250816 1 0
3250906 1 0
3253581 1 0
3253588 1 0
3253663 1 0
3253705 1 0
3253726 1 0
3255263 0 1
3255292 0 1
3256190 0 1
3256202 0 1
3256355 0 1
3256359 0 1
3256375 1 0
3256402 1 0
3256414 1 0
3257671 1 0
3258780 0 1
3264452 1 0
3264540 1 0
3264582 1 0
3264587 1 0
3264588 1 0
3264621 1 0
3264630 1 0
3264637 1 0
3265525 1 0
3265599 0 1
3265600 0 1
3267649 0 1
3267700 0 1
3267759 0 1
3267765 0 1
3270466 1 0
3270486 1 0
3270508 0 1
3274549 0 1
3274570 0 1
3274645 0 1
3274669 0 1
3274672 0 1
3274675 0 1
3274678 0 1
3274684 1 0
3274778 1 0
3274783 0 1
3274819 1 0
3275025 0 1
3275076 0 1
3275079 0 1
3275085 0 1
3277258 0 1
3278653 1 0
3279097 1 0.00338
3279100 1 0
3279102 1 0
3279106 1 0.005
3279350 1 0
3279377 1 0
3279425 0 1
3279427 0 1
3280322 1 0
3280379 1 0
3280691 1 0
3280741 0 1
3280870 1 0
3280891 0 1
3281050 0 0.952
3281052 0 0.952
3281053 0 0.951
3302873 0 1
3302930 0 1
3303291 1 0
3303478 0 1
3303480 0 1
3303549 0 1
3303580 1 0
3303942 1 0
3304024 0 1
3327313 1 0
3332367 0 1
3333071 0 1
3333182 0 1
3336087 1 0
3337633 1 0
3338498 0 1
3338516 0 1
3338539 0 1
3338594 1 0
3339071 1 0
3339099 1 0
3340733 1 0
3341521 1 0
3341558 1 0
3341631 0 1
3342377 0 1
3342398 1 0
3343090 1 0
3343711 0 1
3344011 0 1
3345197 0 1
3345422 0 1
3345431 0 1
3345440 0 1
3345446 0 1
3345482 0 1
3346490 0 1
3347519 0 1
3350646 0 1
3353101 0 1
3357723 0 1
3358682 1 0
3358794 1 0
3436261 0 1
3443348 0 1
3444866 1 0
3444873 0 1
3444947 0 1
3444963 0 1
3444981 0 1
3445837 0 1
3445840 0 1
3445883 0 1
3446056 0 1
3446091 0 1
3446104 1 0
3446139 0 1
3446163 0 1
3446165 0 1
3446169 0 1
3446205 1 0
3446206 1 0
3446217 1 0
3447122 0 1
3447137 0 1
3447200 0 1
3449672 1 0
3449675 0 1
3449695 1 0
3449824 1 0
3449836 0 1
3449905 0 1
3449923 0 1
3449929 0 1
3449931 0 1
3449939 0 1
3449979 1 0
3450034 0 1
3450046 0 1
3450061 0 1
3450065 0 1
3450088 0 1
3451971 0 1
3451979 0 1
3453753 0 1
3453840 0 1
3453879 0 1
3453936 0 1
3454782 0 1
3454842 0 1
3454914 0 1
3454920 0 1
3454925 0 1
3454929 0 1
3454956 0 1
3455116 0 1
3455154 0 1
3456704 0 1
3456730 1 0
3457150 0 1
3460868 1 0
3462670 0 1
3462756 1 0
3462772 1 0
3463180 1 0
3463181 1 0
3463196 1 0
3463283 1 0.00592
3465927 0 1
3466034 1 0
3467554 0 1
3467555 0 1
3470933 0 1
3473159 1 0
3473330 0 1
3475114 0 1
3475317 0 1
3476289 1 0
3477214 0 1
3477444 1 0
3479561 0 1
3479608 0 1
3488808 0 1
3497567 1 0
3497568 1 0
3497609 0 1
3497699 0 1
3556536 0 1
3565945 1 0
3565969 1 0
3571370 0 1
3571701 0 1
3578365 1 0
3578437 1 0
3578682 0 1
3578685 0 1
3578735 0 1
3579000 1 0
3581930 0 1
3584356 0 1
3584482 1 0
3585849 0 1
3585868 0 1
3585907 1 0
3594628 0 1
3599389 1 0
3599419 1 0
3599435 0 1
3599437 0 1
3599443 0 1
3602502 1 0
3603638 1 0
3603692 1 0
3603794 1 0
3603846 1 0
3607738 1 0
3608238 1 0
3608347 0 1
3608355 1 0
3608397 0 1
3612218 1 0
3613608 1 0
3613696 1 0
3614148 1 0
3614512 1 0
3614553 1 0
3614621 1 0
3614630 0 1
3617110 0 1
3617113 0 1
3617122 0 1
3617163 1 0
3617410 0 1
3618196 1 0
3620310 1 0
3622310 0 1
3628665 0 1
3628923 1 0
3628994 0 1
3629230 1 0
3629578 0 1
3629607 1 0
3630066 0 1
3630087 0 1
3630099 0 1
3630177 0 1
3631495 1 0
3631497 1 0
3631501 1 0
3638070 1 0
3638880 0 1
3640568 0 1
3640587 0 1
3649486 0 1
3651655 0 1
3652073 0 1
3652195 0 1
3652441 0 1
3652588 0 1
3656941 1 0
3660738 0 1
3660780 0 1
3660913 0 1
3663416 1 0
3664425 0 1
3664635 1 0
3665057 0 1
3677105 0 1
3677154 0 1
3677415 0 1
3677421 0 1
3677696 0 1
3677722 0 1
3677823 0 1
3680238 0 1
3680527 0 1
3683555 0 1
3683594 0 1
3683702 0 1
3683944 1 0
3687954 0 1
3688544 1 0
3688958 0 1
3689857 1 0
3690602 0 1
3692379 0 1
3692475 0 1
3692958 1 0
3695127 0 1
3695142 0 1
3695619 1 0
3697116 0 1
3697843 0 1
3698484 1 0
3732994 0 1
3756585 0 1
3757114 0 1
3758989 0 1
3758992 0 1
3759076 0 1
3765803 1 0
3765817 1 0
3767882 0 1
3767888 0 1
3767912 0 1
3768432 1 0
3769719 0 1
3770027 0 1
3773886 0 1
3778051 1 0
3784709 0 1
3789121 1 0
3789172 0 1
3789689 0 1
3789700 1 0
3790660 1 0
3790714 0 1
3790718 1 0
3790893 1 0
3791644 1 0
3791647 0 1
3792953 0 1
3793198 1 0
3800052 1 0
3800797 0 1
3800821 1 0
3803383 0 1
3803386 0 1
3805716 0 1
3811734 0 1
3812022 0 1
3812024 0 1
3812025 0 1
3812031 0 1
3812036 0 1
3812052 0 1
3812108 1 0
3814563 1 0
3814572 1 0
3814578 1 0
3819485 0 1
3819628 1 0
3820439 0 1
3820574 0 1
3820688 1 0
3825304 1 0
3825353 1 0.00778
3825973 1 0
3828001 1 0
3832562 1 0
3834661 1 0
3835098 1 0
3835929 0 1
3835947 1 0
3837577 0 1
3838201 0 1
3838210 1 0
3838288 1 0
3838297 1 0
3838349 1 0
3839792 0 1
3839800 1 0
3839843 1 0
3839965 0 1
3844489 1 0
3844522 1 0
3845826 1 0
3846343 0 1
3846351 1 0
3848078 1 0
3870263 0 1
3870477 0 1
3885528 0 1
3887962 0 0.886
3888469 0 1
3888691 1 0
3891930 0 1
3894521 0 1
3895856 0 1
3898268 0 1
3898271 0 1
3899787 1 0
3899790 1 0
3900640 1 0
3901728 0 1
3901746 0 1
3901962 0 1
3905038 1 0
3906926 1 0
3914085 1 0
3914187 1 0
3914223 1 0
3914477 0 0.911
3914482 0 0.989
3914484 0 1
3914518 0 1
3914642 1 0
3916885 1 0
3917915 1 0.00345
3917918 1 0
3917960 0 1
3917963 0 1
3917983 0 1
3917987 1 0
3917996 1 0
3918005 1 0
3918028 1 0
3918050 0 1
3940455 1 0
3940475 1 0
3940484 1 0
3944815 1 0
3944835 1 0
3944842 1 0
3944855 0 1
3944865 1 0
3944890 1 0
3944894 1 0
3944896 1 0.00338
3947088 1 0
3947119 1 0
3947122 1 0
3947136 1 0
3947153 1 0
3947167 1 0
3947182 1 0
3947233 1 0
3949811 1 0
3949813 1 0
3950100 1 0
3950189 1 0
3950208 1 0
3950300 1 0
3950333 1 0
3950342 1 0
3950351 1 0
3950353 1 0
3951587 0 1
3954810 0 0.985
3961939 1 0
3961940 1 0
3963486 1 0
3963487 1 0
3963642 0 1
3963727 0 1
3965630 0 1
3965729 0 1
3975659 1 0
3976702 1 0
3976780 1 0
3976783 1 0
3976792 1 0
3976795 1 0
3976801 1 0
3978193 1 0
3978244 1 0
3978289 1 0
3978316 1 0
4010832 1 0
4010862 1 0
4010892 1 0
4011183 0 1
4011184 1 0
4013256 1 0
4013759 0 1
4013853 1 0
4013873 0 1
4013884 1 0
4014226 1 0
4014227 0 1
4016909 0 1
4019062 1 0
4019202 0 1
4019217 0 1
4019234 0 1
4020910 0 1
4020919 1 0
4022588 0 1
4022589 0 1
4022592 0 1
4022601 0 1
4022625 0 1
4025742 0 1
4025751 0 1
4026204 0 1
4026249 1 0
4026270 0 1
4026291 0 1
4026351 1 0
4026608 0 1
4030140 0 1
4030155 0 1
4030158 0 1
4030169 0 1
4030170 0 1
4030175 0 1
4030709 0 1
4030723 0 1
4030735 0 1
4038836 1 0
4038856 1 0
4039651 0 1
4039654 0 1
4039987 0 1
4040054 0 1
4040302 1 0
4040441 1 0
4040542 0 1
4041154 1 0
4045453 0 1
4045492 1 0
4046486 1 0
4046488 1 0
4046519 1 0
4075742 1 0
4075763 1 0
4076102 1 0
4076167 1 0
4078578 1 0
4078622 1 0
4079213 1 0
4092287 0 1
4092413 1 0
4107187 0 1
4116791 0 1
4117207 0 1
4117700 1 0
4119239 0 1
4119242 0 1
4119341 1 0
4129163 1 0
4129530 0 1
4129534 0 1
4129689 1 0
4132535 1 0
4136973 0 1
4137033 0 1
4137447 1 0
4137800 0 1
4140687 1 0
4143557 1 0
4146066 1 0
4146069 1 0
4146228 1 0
4149929 0 1
4150745 0 1
4152490 1 0
4152508 1 0
4152817 1 0
4152832 1 0
4152867 1 0
4152964 1 0
4179061 0 1
4179289 0 1
4186299 0 1
4194187 1 0
4194244 0 1
4194352 1 0
4196554 1 0
4199319 0 1
4201342 1 0
4201353 1 0
4201542 1 0
4201637 1 0
4201639 1 0
4201640 1 0
4201651 0 1
4201653 0 1
4201659 1 0
4204453 0 1
4207739 1 0
4207778 1 0
4207859 1 0
4207885 0 1
4208692 1 0
4212861 1 0
4218291 1 0
4218293 1 0
4219046 0 1
4219379 1 0
4219414 0 1
4219459 1 0
4219484 1 0
4219490 1 0
4220388 0 1
4222710 1 0
4222940 0 1
4222945 0 1
4223018 1 0
4224146 1 0
4224179 1 0
4244995 1 0
4245531 1 0
4246062 1 0
4246075 1 0
4246096 1 0
4250030 1 0
4250032 0 1
4250083 1 0
4252004 1 0
4253869 1 0
4253913 0 1
4254215 1 0
4256968 1 0.015
4257073 1 0
4257076 1 0
4257118 1 0
4263124 0 1
4263139 1 0
4263140 0 1
4263148 1 0
4263164 1 0
4263174 1 0
4263249 1 0
4263330 1 0
4263332 1 0
4264465 0 1
4264821 1 0
4264845 1 0
4264848 1 0.00358
4264863 1 0
4264902 1 0
4264974 1 0
4265007 1 0
4269210 1 0
4271063 0 1
4275220 1 0
4275249 1 0
4275250 1 0
4275251 1 0
4275271 1 0.0042
4275273 1 0
4275282 1 0
4275301 1 0
4275319 1 0
4275320 1 0
4275322 1 0
4275325 1 0
4275328 1 0
4275750 0 1
4276300 1 0
4276343 1 0
4276378 1 0
4276381 1 0
4276512 1 0
4276519 1 0
4276528 1 0
4276577 1 0
4276606 1 0
4276615 1 0
4276676 1 0
4276721 0 1
4281674 0 1
4304111 1 0
4304116 1 0
4304119 1 0
4304120 1 0
4304121 1 0
4304125 1 0
4304240 0 1
4306965 1 0
4308472 1 0
4308476 1 0
4308593 1 0
4311374 1 0
4311784 1 0
4311890 0 1
4314107 1 0
4314716 0 1
4328614 1 0
4328760 0 1
4328775 0 1
4329657 1 0
4330028 1 0
4330049 0 1
4330065 1 0
4330089 1 0
4330101 1 0
4330219 0 1
4330542 1 0
4330548 1 0
4330581 1 0
4330584 1 0
4330590 0 1
4347553 0 1
4347554 0 1
4347557 1 0
4347587 1 0
4347688 1 0
4347830 0 1
4347839 0 1
4347902 0 1
4347940 1 0
4347962 0 1
4347973 1 0
4348631 0 1
4349202 0 1
4349203 0 1
4349209 0 1
4349221 0 1
4349241 0 1
4349242 0 1
4349284 1 0
4349296 1 0
4349308 1 0
4349349 0 1
4349378 0 1
4349418 0 1
4349442 0 1
4349448 1 0
4353477 0 1
4353932 1 0
4353987 1 0
4354087 1 0
4354097 1 0
4354107 1 0
4354167 0 1
4354216 1 0
4354222 1 0
4356141 1 0
4356324 1 0
4356444 1 0
4356477 1 0
4367874 1 0
4367982 1 0
4368036 1 0
4368163 1 0
4368946 0 1
4372149 0 1
4372284 0 1
4373121 1 0
4374145 1 0
4374166 0 1
4374709 1 0
4377066 1 0
4378009 1 0
4380399 0 1
4380467 0 1
4385724 0 1
4385743 0 1
4385804 0 1
4385845 0 1
4385861 0 1
4385863 0 1
4385869 0 1
4385995 1 0
4386151 0 1
4386261 0 1
4386262 0 1
4386319 0 1
4386873 0 1
4388334 0 1
4388351 0 1
4388377 0 1
4388380 0 1
4388410 0 1
4390625 0 1
4392784 1 0
4395681 1 0
4395895 0 1
4395911 1 0
4396527 0 1
4396529 0 1
4396976 1 0
4397039 0 1
4397868 0 1
4409903 0 1
4413634 0 1
4413678 0 1
4415388 0 1
4415390 0 1
4415395 0 1
4415397 0 1
4417671 1 0
4417711 1 0
4418191 0 1
4421908 1 0
4422018 1 0
4422022 0 1
4424455 1 0
4425288 1 0
4425420 1 0
4425485 1 0
4425500 0 1
4425503 0 1
4425524 0 1
4426167 1 0
4427864 0 1
4428079 1 0
4428141 1 0
4428147 1 0
4428149 1 0
4428177 1 0
4428207 1 0
4428219 1 0
4430894 1 0
4430895 1 0
4430898 1 0
4430901 1 0
4430950 1 0
4430954 1 0
4431027 1 0
4431031 0 1
4431059 0 1
4431081 1 0
4431087 1 0
4431105 1 0
4432171 1 0
4433016 1 0
4433426 0 1
4433429 0 1
4433435 1 0
4433531 1 0
4433532 1 0
4433533 1 0
4433534 1 0
4433535 1 0.00375
4433536 1 0
4433537 1 0
4446711 0 1
4447910 0 1
4449299 0 1
4450919 1 0
4451019 1 0
4451045 0 1
4451090 0 1
4451096 0 1
4451396 0 1
4452773 1 0
4453622 1 0
4454024 0 1
4455893 0 1
4514854 1 0
4514890 1 0
4515028 1 0
4516623 0 1
4530993 0 1
4533487 1 0
4533499 1 0
4543040 1 0
4543241 0 1
4544550 1 0
4546069 1 0
4546097 1 0
4546119 1 0
4546204 1 0
4546249 0 1
4546253 0 1
4546262 0 1
4547036 1 0
4547075 1 0
4547117 1 0
4549280 1 0
4552930 0 1
4553044 0 1
4555352 1 0
4555395 1 0
4555454 1 0
4555484 1 0
4555546 1 0
4556564 1 0
4556596 1 0
4556599 1 0
4556666 1 0
4556731 1 0
4556740 1 0
4556745 1 0.00357
4556877 1 0
4556878 1 0
4556943 1 0
4556986 1 0
4557010 1 0
4558358 1 0
4562741 0 1
4563567 1 0
4563722 1 0
4564394 1 0
4564455 1 0
4567706 1 0
4567863 0 1
4567907 0 1
4568087 0 1
4568090 0 1
4568252 1 0
4568815 0 1
4568835 1 0
4569068 0 1
4569072 1 0
4569127 0 1
4569278 1 0
4569290 1 0
4569302 1 0
4570725 1 0
4572677 0 1
4572716 1 0
4572783 1 0
4575040 1 0
4575075 1 0
4575186 1 0
4575502 0 1
4575525 0 1
4575533 0 1
4575573 1 0
4575579 1 0.0127
4575594 1 0
4575597 1 0
4575621 1 0
4575699 0 1
4575705 1 0
4575726 0 1
4575728 0 1
4575770 0 1
4576133 0 1
4577257 1 0
4577434 1 0
4577974 0 1
4578144 0 1
4578719 0 1
4578724 0 1
4578732 0 1
4578734 0 1
4578793 1 0
4579124 1 0
4579153 1 0
4579157 1 0
4579158 1 0
4579159 1 0
4579295 1 0
4579337 1 0
4582863 0 1
4589465 1 0
4589680 1 0
4589681 1 0
4591187 1 0
4591331 1 0
4591377 1 0.0984
4591426 1 0
4591481 1 0
4592792 0 1
4592828 0 1
4592858 0 1
4593874 0 1
4593879 0 1
4593911 0 1
4594052 0 1
4595012 1 0
4595037 1 0
4595462 0 1
4601604 0 1
4602698 1 0
4604456 1 0
4604510 1 0
4604525 0 1
4604529 0 1
4604535 1 0
4604638 0 1
4604680 0 1
4604694 0 1
4604707 0 1
4604734 0 1
4618327 1 0
4621692 1 0
4622604 0 1
4622614 0 1
4622615 1 0
4622659 0 1
4622663 0 1
4622664 0 1
4622674 0 1
4622691 0 1
4622695 0 1
4622696 0 1
4623163 0 1
4624222 0 1
4624968 0 1
4625007 0 1
4625101 0 1
4625303 0 1
4625367 0 1
4625819 0 1
4627982 0 1
4627994 0 1
4628048 0 1
4628861 0 1
4628909 0 1
4632869 0 1
4632870 0 1
4632879 0 1
4632880 0 1
4632881 0 1
4632953 0 1
4632984 0 1
4633013 1 0
4633041 0 1
4633100 1 0
4633150 0 1
4633165 0 1
4640179 1 0
4640227 0 1
4640302 0 1
4640398 0 1
4645156 0 1
4645288 0 1
4645295 0 1
4645321 0 1
4645353 0 1
4645359 1 0
4645379 0 1
4645412 1 0
4645566 0 1
4646065 1 0
4649398 1 0
4654213 0 0.997
4655150 1 0
4660585 1 0
4660612 1 0
4660677 1 0
4660721 1 0
4660769 1 0
4660870 1 0
4660876 1 0
4660945 1 0
4661041 1 0
4661101 1 0
4664121 1 0
4664136 1 0
4664151 1 0
4664189 1 0
4669891 0 1
4669893 1 0
4669898 0 1
4669927 1 0.00299
4670285 0 1
4670306 0 1
4671068 0 1
4671502 0 1
4671503 0 1
4676234 1 0
4676393 1 0
4676540 1 0
4676541 1 0
4677082 1 0
4677088 1 0
4677259 1 0
4678321 0 1
4678345 1 0
4678522 1 0
4678531 1 0
4678575 0 1
4678576 0 1
4678693 0 1
4678815 1 0
4678850 0 1
4678895 1 0
4679356 0 1
4679458 1 0
4679662 0 1
4679698 0 1
4679871 0 1
4683062 1 0
4683620 1 0
4686938 1 0
4689039 0 1
4689045 0 1
4689051 0 1
4689059 0 1
4689060 0 1
4689063 0 1
4689103 1 0
4689299 1 0
4691165 0 1
4691182 1 0
4691185 0 1
4691658 1 0
4691672 0 1
4691977 1 0
4694442 1 0
4694560 0 1
4695710 0 1
4695720 0 1
4695739 0 1
4695741 0 1
4702523 1 0
4702601 1 0
4702687 1 0
4703924 1 0
4704692 1 0
4706563 1 0
4708964 0 1
4711386 1 0
4711449 1 0
4713054 1 0
4714865 1 0
4715344 1 0
4715438 1 0
4715936 0 1
4716815 0 1
4718814 0 1
4718840 0 1
4718927 0 1
4718978 0 1
4718996 0 1
