site_id XBA XBB
8991 1 0
33002 1 0
33088 1 0
37042 1 0
37047 1 0
37050 1 0
37143 0.125 1
38658 1 0
38889 0.833 0
38892 1 0
39351 1 0.0570000000000001
39716 1 0
39748 1 0
39828 1 0
39836 1 0
39926 1 0
39947 0.941 0
39967 0.952 0
40073 0.938 0
40466 0.833 0
40787 1 0
41127 1 0
41363 1 0
41366 1 0
41402 1 0
41567 0.968 0
41699 0.92 0
41859 1 0
42184 1 0
42404 0.833 0
42408 0.857 0
42467 1 0
42640 1 0
42664 1 0
43024 1 0.111
43048 1 0
49799 1 0
51798 0 1
51891 1 0
52769 0 1
53010 0 1
54811 0.071 1
54846 0.091 1
56284 0 1
56555 1 0
60130 1 0
60160 0 1
72703 1 0.195
73968 1 0
77062 0.154 0.833
77083 0.133 0.833
77378 0.2 0.9474
78253 1 0
78256 1 0
78262 1 0
78280 1 0
78361 1 0
78395 1 0.0333
78403 1 0.0645
78406 1 0.0645
78407 1 0.0645
78409 1 0.0667
78510 1 0.0571
78530 0.158 0.9444
78882 1 0.0357
79458 1 0
79539 1 0
79540 1 0
79596 1 0
79620 1 0
79626 1 0
79688 1 0.1
79704 1 0.105
80026 1 0.111
80481 0.857 0
80511 1 0
80541 1 0
80670 1 0
80706 0.833 0.0323
80715 1 0.0333
80722 1 0.0333
80727 1 0.0345
81229 1 0
81318 1 0.0294
81337 1 0.0286
81343 1 0.0278
81379 1 0
81380 1 0
81411 1 0
82010 1 0.0278
82016 0.2 0.9697
82058 1 0
85994 1 0
87903 1 0.086
88117 0 1
89566 1 0
91703 1 0.05
91706 1 0.051
91718 1 0
91805 1 0.033
91814 1 0.03
91838 1 0
92981 0.1 0.933
93122 0.176 0.889
93339 1 0.0833
93846 0 0.974
93948 0 0.939
93957 0.111 0.931
93960 0.111 0.938
93976 0.143 0.969
93981 0.13 0.971
93996 0.111 0.97
93999 0.13 0.972
94170 1 0.0620000000000001
94215 1 0
94603 1 0.121
94622 1 0.114
94824 1 0
95156 0.143 0.846
99587 1 0.147
99604 1 0.0625
99739 1 0
99742 1 0
100424 1 0
100453 1 0
100492 1 0
102088 1 0.136
102091 1 0
102112 1 0
102118 1 0
102136 1 0
102210 1 0
102215 1 0
103152 1 0
103506 0.103 1
104456 1 0
108284 1 0
108371 1 0
109688 0.955 0
113624 1 0
123498 1 0.125
123502 1 0.115
123580 1 0.118
123871 1 0.0233
125240 0 1
125246 0.125 1
127411 1 0
127550 1 0
127600 1 0
127603 1 0
127705 1 0
127732 1 0
129590 1 0
138092 1 0
138107 1 0
138356 1 0
138588 1 0
138667 1 0
139072 1 0
139084 0 1
139088 1 0
140669 1 0
143578 0.833 0.178
163403 0.167 0.884
163418 1 0
163434 1 0
163843 0.182 0.833
163856 0.143 0.955
163868 0.167 1
163939 0.154 0.955
163946 0.182 0.964
163955 0.143 0.964
163981 0.167 0.964
164101 0.16 0.9
164129 0.182 1
164131 0.182 0.882
164156 0.19 1
164197 0.13 1
164198 0.136 1
164200 0.13 1
164221 0.125 1
164242 0.167 1
164441 0.182 1
165003 0.0526 0.895
188796 1 0.05
188797 1 0.038
192441 1 0
192465 1 0
192491 1 0
192498 1 0
192531 1 0
198227 1 0
207359 1 0
207362 1 0
210062 1 0
212595 0.0556 0.85
212963 0 0.867
213433 1 0
213459 0 0.958
213494 1 0
213930 0 1
214121 0 0.9143
214187 1 0
215483 1 0
215669 1 0
216414 1 0
216620 1 0
216782 1 0
217500 0.143 1
217630 0.1 1
217878 0.125 0.822
218702 0.0333 1
218732 0.0312 0.864
219129 0 0.947
219486 1 0
219522 0 1
219525 0 0.906
219537 1 0
219570 0 1
219687 0.0833 1
219702 0 1
219714 1 0
219723 0 0.971
219958 1 0.1
219973 1 0
220005 1 0
220655 0.188 0.935
258204 1 0.171
258205 1 0.167
265618 1 0.176
265693 1 0.0645
265769 1 0.0444
266444 1 0.194
266606 1 0
273076 1 0.182
273166 1 0
276272 0.182 0.828
276275 0.167 0.853
276743 1 0.182
277612 0.9565 0.115
283072 1 0.182
283075 1 0.167
283084 1 0.167
283085 1 0.176
283086 1 0.167
283087 1 0.176
284188 1 0
284434 1 0
284435 1 0
284697 1 0
284798 1 0.146
285231 1 0.033
285236 1 0
285392 1 0.0526
285550 1 0.148
285599 1 0
286287 1 0
288919 1 0
289953 1 0
290888 1 0
291440 1 0
291659 0.952 0
292353 1 0
292418 1 0
292464 1 0
295619 1 0.158
299554 0.0769 0.838
299624 1 0.0303
300257 1 0.0571
300915 1 0.115
301003 1 0.069
301254 1 0.121
301521 1 0.0769
301522 1 0.075
301527 1 0.0698
301547 1 0.0682
301624 0.903 0.175
301681 1 0.171
301762 1 0
301792 0.957 0
301974 0.941 0.143
302085 1 0.111
302141 1 0
302184 1 0
302595 1 0
303019 1 0.0741
303022 1 0.0769
303023 1 0.069
303177 1 0.0889
307882 1 0.12
307925 1 0.0667
308852 1 0.167
308896 1 0.138
310052 1 0.188
317483 1 0.0385
319299 1 0.13
319303 1 0.192
320537 1 0.146
320983 1 0.108
321055 1 0.111
321826 1 0
322748 1 0.0455
322755 1 0.0455
324266 0.938 0.0667
325130 1 0.0909
325403 1 0.0909
325436 1 0.075
325622 1 0.172
327665 1 0.0952
331235 1 0.156
331245 1 0.182
331273 1 0
331288 1 0
331347 1 0.087
332251 0 0.96
332255 0 0.963
332287 1 0
332408 1 0.154
332457 0 1
333409 0 1
333557 0 0.923
333573 0 0.9565
333997 0 0.955
334003 0 0.9762
334012 0 0.953
334063 0 0.938
334066 0 0.941
334147 0 0.952
334714 0 0.973
334716 0 0.973
334781 0 0.972
334833 0 0.973
335103 0 1
335157 0 1
337332 1 0
337335 1 0
337728 0 1
337731 1 0
337944 0 1
338056 0 1
338174 0 0.889
338370 0 0.95
338544 0 1
338762 0 1
338801 0 1
338822 0 1
338829 0 1
338925 0 1
339200 0.143 1
341505 0.0833 0.812
341517 0.0833 0.885
346208 1 0
348617 0.938 0
350524 1 0
371672 1 0
371735 1 0
371762 1 0
372327 0 1
372457 0 1
372508 0 1
372683 0 1
372829 0 1
373219 0 1
373576 1 0
373582 1 0
373630 0.9 0
373691 1 0
373702 0 1
373938 1 0.0455
374784 0 1
375110 0 1
375563 0 1
375573 0 1
375747 0 1
375986 1 0
376010 0 1
376029 0 1
376069 0 1
376306 0 1
376407 0 1
376482 0 1
376576 0 1
376990 0.875 0
376993 1 0
377133 0 1
377185 1 0
377355 1 0
377580 1 0
377928 1 0
378054 1 0
378093 1 0
378401 1 0
378455 1 0
378675 1 0
378840 0 1
378841 0 1
379099 0 1
379926 1 0
379937 1 0
380160 1 0
380161 1 0
380456 1 0
380480 1 0
380591 1 0
380688 1 0
381003 0.176 1
381376 1 0
381575 1 0
381604 1 0
382511 1 0
383099 1 0
383281 0.909 0
383704 0.84 0.0833
383816 0.875 0.069
383819 1 0.0741
384041 0.941 0.0526
384434 0.875 0.05
384458 0.833 0.136
384476 0.857 0.103
384904 0.846 0.0323
384946 1 0.0222
385204 1 0.125
385981 1 0
385982 1 0
386278 1 0.158
386279 1 0.167
386291 1 0.0556
386546 1 0.158
386634 0.857 0
387650 1 0
394675 0.857 0.172
394682 0.833 0.172
402403 1 0.0303
404387 1 0
404444 1 0
404648 1 0
404651 1 0
404660 1 0
404684 1 0
404696 1 0
404738 1 0
404807 1 0
404822 1 0
404996 1 0
405001 1 0
405002 1 0
405029 1 0
405494 1 0
405550 0.889 0.0938
405608 1 0
405877 0.2 0.9487
405881 0.167 0.9524
406075 1 0.194
406500 0.2 0.818
407484 0.0769 1
407584 1 0
407882 1 0.0570000000000001
408140 0.15 1
408476 1 0
408800 1 0
408825 0 1
412051 1 0
412516 1 0
412519 1 0
412765 1 0
413386 1 0
413485 1 0
417910 1 0
417911 1 0
422300 0.889 0
423123 0.857 0
426057 1 0
426081 1 0
426336 0.957 0
426672 1 0
426852 1 0
426870 1 0
426933 1 0
429270 1 0
429402 1 0
429759 1 0
429831 1 0
430409 1 0
430424 1 0
430463 1 0
430498 1 0
430929 1 0
431237 1 0
431262 1 0
431283 1 0
431338 1 0
431391 1 0
431673 1 0
432356 1 0
432357 1 0
432972 1 0
432975 1 0.0606
435735 1 0
437318 0.143 0.875
438272 1 0.0238
438517 1 0.0333
438524 1 0.025
450708 1 0.0952
450831 1 0
450840 1 0
450846 1 0
450849 1 0
450850 1 0
450852 1 0
451659 1 0
451713 0.857 0
451740 0.833 0
455622 1 0
455738 1 0
455999 1 0
456047 1 0
458397 1 0
458446 1 0
458486 1 0
458500 1 0
458516 1 0
458757 0.818 0
458772 0.909 0
458775 0.909 0
459177 0.9 0
459180 0.9 0
459189 0.864 0
459191 0.875 0
459200 0.947 0
459219 0.941 0
459244 0.923 0.0571
459256 1 0.0345
459294 1 0.118
459324 1 0.0909
459395 1 0.0541
459462 1 0.0541
459519 1 0.0513
459585 1 0
459594 1 0
460248 1 0.0222
511488 0.133 0.95
511880 1 0
511898 1 0
511916 1 0
511934 1 0
511940 1 0
512198 0.0620000000000001 1
512279 1 0
512372 1 0
516529 1 0
518561 1 0
518582 1 0
518696 1 0
518798 1 0
519458 1 0
519750 1 0
520160 1 0
521258 1 0
521520 1 0
521740 1 0
521777 1 0
522016 1 0
522394 1 0.079
522867 1 0
523102 1 0
524807 0.9 0.029
524808 0.167 0.967
525072 1 0.0620000000000001
525102 1 0.07
525114 1 0.091
525162 1 0.1
525180 1 0.108
525189 1 0.111
525237 1 0.121
525243 1 0.129
525301 1 0.167
525456 1 0
525483 1 0
525487 1 0
525524 1 0
525542 1 0
525553 1 0
525563 1 0.136
525564 1 0.143
525565 1 0.0526
525566 1 0.08
525568 1 0.143
525768 1 0.0625
525780 1 0
525827 1 0
525894 1 0
526074 1 0
526118 1 0
526338 1 0
526656 1 0.08
526664 1 0.0833
526815 1 0
526870 0.857 0
527343 0.154 1
527405 1 0
527414 1 0
527483 1 0
527816 1 0.12
527983 1 0
528000 1 0
528087 0.909 0
528264 1 0
528315 0.143 1
528402 1 0
528426 1 0
528516 1 0
528666 1 0
528783 1 0
528792 1 0
528793 0.941 0
528795 0.944 0
529450 1 0
529465 1 0
529515 1 0
529534 1 0
529600 1 0
529619 1 0
529621 1 0
529624 1 0
529627 1 0
529657 1 0
529684 1 0
529753 1 0
529777 1 0
529795 1 0
529825 1 0
529828 1 0
529837 1 0
529952 1 0
529966 1 0
529967 1 0
530062 1 0
530080 1 0
531405 0.167 1
531521 1 0
531545 1 0
531617 1 0
531647 1 0
531701 1 0
532211 1 0
532235 1 0
532238 1 0
532256 1 0
533363 1 0
533395 1 0
533396 1 0
533398 1 0
535752 0.857 0
535776 1 0
535782 1 0
535848 1 0
535851 1 0
535941 1 0
536166 1 0
536217 1 0
536391 1 0
536442 1 0
536700 1 0.023
536892 1 0
536898 1 0
537084 1 0.0588
537291 1 0
537306 1 0
537663 1 0
537786 1 0
537834 1 0
537852 1 0
538177 0.833 0
538290 1 0.023
538393 1 0
538428 1 0
538443 1 0
538542 1 0.125
538960 1 0.0513
540479 0.917 0
541349 1 0.0909
542617 1 0
542663 1 0.185
542669 1 0
542684 1 0
542753 1 0
542885 1 0
542909 1 0
542925 1 0
542957 1 0
543319 1 0
543323 1 0
543422 1 0
543441 1 0
543450 1 0
543518 1 0
544352 1 0.2
545365 1 0.069
545493 1 0.0833
546221 0.192 0.852
546822 0.091 1
548685 1 0
549614 1 0.129
550142 1 0.0714
550148 1 0.037
550154 1 0.0645
550167 1 0.111
550936 1 0.0698
551177 1 0.121
551183 1 0.105
551195 1 0.111
551226 1 0.0833
551355 1 0
551559 1 0
551622 1 0
551649 1 0
551652 1 0
551685 1 0
551863 1 0
551867 1 0
551982 0.182 1
552241 1 0
552284 1 0.0625
552678 1 0.114
553297 1 0.037
553948 1 0.0233
554103 1 0
554580 1 0.167
555447 1 0
555570 1 0.143
555612 1 0
555677 1 0
555847 1 0
555849 1 0
555912 1 0
556078 1 0
557566 1 0
557894 1 0.125
558037 1 0
558049 1 0
558051 1 0
558062 1 0
558084 1 0
558464 1 0
558602 1 0.0435
558634 1 0
558674 1 0
558699 1 0
558824 1 0
559051 1 0
559062 1 0
559065 1 0
559130 1 0
559832 0.167 0.893
562093 0.115 0.9231
564123 0.182 0.962
593479 0 0.895
631069 1 0
636667 1 0.176
636768 1 0
636804 1 0
636845 1 0
636862 1 0
636864 1 0
636954 1 0
636974 1 0
636976 1 0
636988 1 0
637113 1 0
637126 1 0
637234 1 0
637271 0.867 0
637287 1 0
637344 1 0
643006 0.125 0.85
643209 1 0
643290 1 0
643449 1 0
643452 1 0
643512 1 0.04
643521 0.889 0.048
643540 0.9 0
643567 1 0.032
643580 1 0.031
643607 1 0.143
643689 1 0.071
644978 1 0.139
646207 1 0.088
646636 1 0
647344 1 0
647365 1 0
647371 1 0
647454 1 0.133
647464 1 0
647487 1 0
647575 1 0
647590 0.92 0
647595 0.846 0
647598 0.846 0
647872 1 0
647894 1 0.0649999999999999
648048 1 0
648089 1 0
648204 1 0
648241 1 0
648407 1 0
648425 1 0
648481 0.2 1
648650 0.929 0
648653 1 0
648756 1 0.167
648961 0.154 0.913
648976 0.188 0.9615
648977 0.15 0.9615
649003 0.2 0.9412
649132 1 0.122
649153 0.909 0.135
649183 1 0.119
649261 0.9412 0
649502 1 0
649595 1 0.0294
649613 1 0.0476
649853 1 0
649854 1 0
649856 1 0
649858 1 0
649859 1 0
649862 1 0
649865 1 0
650036 1 0
650178 1 0.0588
650242 1 0
650355 1 0.14
650402 1 0
650456 1 0.0714
650686 1 0
650800 0.9 0.0465
651009 1 0
651259 1 0
651262 0.964 0
651497 1 0
651501 1 0
651502 1 0
651566 1 0
651578 1 0
651580 1 0
651833 1 0
652178 1 0
652932 1 0.0333
654089 0.909 0
654114 0.857 0
654136 1 0
654148 1 0
654376 1 0
654382 1 0
654580 1 0
654822 1 0
655069 1 0
655139 0.917 0
655159 1 0
655229 0.818 0
655268 0.9 0
655882 1 0
656320 1 0
656347 1 0
656362 1 0
656363 1 0
656382 1 0
656399 1 0
656507 1 0
656525 1 0
658253 0.2 1
658255 0.2 1
658260 0.2 1
658397 0.133 1
660763 1 0
660799 1 0
660808 1 0
660814 1 0
660816 1 0
660823 1 0.0667
661101 0.923 0.19
661352 1 0
663259 1 0.189
663318 1 0.0303
664973 1 0
665231 1 0
666575 1 0
666962 1 0
670350 1 0
670452 1 0
670473 1 0
670479 1 0
670811 1 0
670814 1 0
670819 1 0
684312 1 0
685107 1 0
686192 0.167 1
687323 1 0
688928 0 1
689074 0 1
689272 1 0
689317 0 1
689757 0 1
689889 0 1
690409 1 0
690557 1 0
690565 0 1
691424 0 1
691474 0 1
691660 0 1
691783 1 0
692074 1 0
692077 1 0
692196 0 1
692621 1 0
693099 0 1
693185 0 1
693248 0 1
693578 0 1
693623 0 1
693677 0 1
693779 0 1
693937 0 1
694225 1 0
694234 0 1
694257 0 1
694418 0 1
694478 0 1
694954 0 1
695079 0 1
695106 0 1
695115 0 1
695118 1 0
695145 0 1
695157 0 1
695176 0 1
695632 0 1
695764 0 1
696499 0 1
696553 0 1
696643 0 1
696650 0 1
696709 0 1
696874 0 1
696884 0 1
696889 0 1
696892 0 1
696910 0 1
696919 0 1
696925 0 1
696981 0 1
696984 0 1
696991 0 1
697000 0 1
697051 0 1
697057 0 1
697230 0 0.833
698157 0 1
698178 0 1
698184 0 1
698230 0 1
698267 0 0.867
698414 0 0.913
698443 0 0.931
698505 1 0.037
698513 1 0.0476
698514 1 0.0476
698653 0 0.917
698662 0 0.917
698666 0 0.917
698668 0 0.917
698686 1 0.0833
698689 0 0.917
698693 0 0.917
708067 1 0
708068 0 1
708104 1 0
708224 0 1
708391 0 1
708422 0 1
708428 0.118 1
708476 0 1
708700 1 0
708955 1 0
708986 1 0
708990 0 1
708992 1 0
708995 0 1
709005 0 1
709009 0 1
709010 0 1
709014 0 1
709019 0 1
709763 0 1
709797 1 0
709823 1 0
709826 1 0
710152 1 0
710153 1 0
710160 1 0
710183 1 0
713091 0 1
713128 0 1
713137 0 1
713274 0 0.905
713291 0 0.85
713338 0 0.914
713363 0 0.906
713679 0 0.919
713680 0 1
713682 0 1
713697 0 1
713747 0 1
713878 1 0
713883 0 1
713905 0 1
713922 1 0
713977 0 1
714011 1 0
714160 1 0
714163 1 0
714166 1 0
714172 1 0
714175 1 0
714929 0 0.939
714930 0 0.9355
714934 0 0.9429
714997 1 0.116
714999 1 0.135
715201 1 0.0833
715399 1 0.053
715426 1 0
715570 1 0
715586 0 1
715588 0 1
716610 1 0.0741
716810 1 0.0667
716861 1 0.111
716925 1 0.0476
716980 1 0.107
717030 1 0.0952
717058 1 0.093
717221 0 0.926
718872 0 0.87
719070 0 0.909
719593 0 0.812
720143 0 0.882
720172 0 0.889
720200 0 0.889
720321 0 0.9767
720534 0 0.875
720722 0 1
720775 0 1
720809 0 1
720973 0 0.923
721146 0 1
721163 0 0.812
721505 0 0.9394
721508 0 0.946
721562 0 0.951
721571 0 0.9737
721572 0 0.947
721579 0 0.943
721919 0 0.889
721934 0 0.9444
722006 0 0.929
722330 1 0.182
722399 1 0.162
722510 1 0.158
722532 1 0.125
722534 1 0.121
722539 1 0.129
722553 0 0.892
722557 1 0.118
722623 1 0.125
722640 1 0.121
722724 1 0.129
722749 0 0.846
722787 1 0
723376 1 0
723392 0 1
723657 1 0
723864 0 0.875
724062 0 0.972
724722 1 0
724776 0 1
724857 0 1
724995 0 0.875
724998 0 0.867
725225 0 0.971
725477 0 0.92
725702 0 0.943
725719 0 0.841
726088 0 0.815
726419 0 0.938
728270 1 0
728741 0 1
728891 0 1
729836 0 1
730049 0.095 1
730124 0 1
730165 1 0
730187 0 1
730370 0 1
730427 0 1
730560 0 1
730706 0 1
730949 0 1
731060 0 1
731166 0 1
731171 0 1
731195 0 1
731242 0 1
731304 0 1
731393 0 1
731395 0 1
731407 0 1
731486 0 1
731597 0 1
731737 0 0.964
731779 0 0.972
732139 0 1
732256 0 1
732337 0 1
732714 0.148 1
732846 0 1
732979 1 0
733053 0 1
733132 1 0
733528 0 1
733529 0 1
733530 0 1
733533 0 1
733534 0 1
733572 0 1
733943 0 1
734139 0.889 0
734163 1 0
734174 1 0
734192 1 0
734408 0 1
734522 1 0
734549 1 0
734835 1 0
734883 1 0
734904 1 0
734905 1 0
734913 1 0
735003 1 0
735363 1 0
735474 1 0
735501 0 1
735513 0 1
735608 1 0
735663 0 1
735924 0 1
736565 0 1
736672 0 1
736958 0 1
736992 0 1
737052 0 1
737091 0 1
737166 0 1
737208 0 1
737241 0.0833 1
737244 1 0
737248 0 1
737259 0 1
737317 0 1
737334 0 1
737370 0 1
737396 0 1
737418 0 1
737424 0 1
737566 0 1
737653 0 1
737677 0 1
740679 1 0
740680 1 0
740690 1 0
740691 1 0
740692 1 0
740693 1 0
740711 1 0
740743 1 0
770764 1 0.05
783437 0.857 0
784101 1 0
784174 1 0.0435
784429 1 0
784504 1 0
785395 1 0
785419 1 0.0465
785863 1 0.189
786049 1 0.0769
786786 1 0
787210 1 0
787231 1 0.0256
787267 1 0.0244
787573 1 0.118
787906 1 0.125
788179 1 0
788195 1 0
788271 1 0
788302 1 0
788509 1 0
788537 1 0
788756 1 0
788767 1 0
790204 1 0
790390 1 0.186
790393 1 0.103
790469 0.941 0.0952
790502 1 0
792859 1 0
793394 1 0
793730 1 0.0526
793736 0.9 0
793773 0.833 0
795027 0.923 0.148
795051 0.909 0.129
795275 1 0.0976
795576 1 0.0333
795636 0.909 0.0455
795672 1 0.0769
795684 1 0
795814 1 0
795972 0.917 0
796026 1 0
796128 1 0
796132 0.923 0
796135 0.917 0
796155 1 0
796656 1 0
816414 1 0.0476
816450 1 0.0556
816678 1 0
817377 0.875 0.13
817461 1 0.125
817904 1 0.0938
818549 1 0
818663 0.857 0
819144 1 0.167
819372 1 0
819793 1 0
819828 1 0
820564 1 0.0714
820574 1 0
822389 1 0.125
823535 1 0
824223 1 0
824523 1 0
825144 1 0
825168 1 0
825207 1 0
825210 1 0
825417 1 0
827366 1 0
827649 1 0
827725 1 0
827796 1 0
831314 1 0
831586 1 0
831601 1 0
831604 1 0
831613 1 0
831691 1 0
831721 1 0
831798 1 0
831834 1 0.0606
831862 1 0.0952
831935 1 0
831994 1 0
832159 1 0
832435 0 1
832456 1 0
832597 1 0
832633 1 0
832758 1 0.111
832759 1 0.114
832906 1 0
833035 1 0.154
833116 1 0
833743 1 0
833744 1 0
833982 0 0.867
833993 1 0
834492 1 0.093
834724 1 0
834789 1 0
835329 1 0
835481 1 0.091
836057 1 0.0333
836848 1 0
837257 1 0
837777 0 0.857
837791 1 0
837831 1 0
838503 0 1
839576 1 0
839599 0 1
839834 1 0
842173 1 0
842924 1 0
843865 1 0
845424 1 0
845640 0.857 0
846072 1 0.194
846075 1 0.189
846525 1 0
846760 1 0
847460 1 0
848123 0 0.932
848587 0 1
848675 0 1
848677 0 1
849606 1 0
849967 1 0
852962 1 0
853979 0.148 1
854111 0.154 0.853
854174 0.143 0.882
855554 1 0
856027 0.917 0
863697 0 1
864213 0 1
864435 0 1
864436 0 1
864437 0 1
864756 1 0
864990 0 1
865047 1 0
865092 1 0
865134 1 0
865296 1 0
865349 1 0
865376 1 0
865422 1 0
865473 0 1
865489 1 0
865896 0 1
866193 0 1
866421 0 1
866511 0 1
867117 1 0
867360 0 1
867504 0.875 0
868077 1 0
868263 1 0
868615 1 0
868634 1 0
868639 1 0
868679 1 0
868682 1 0
868877 1 0
868903 1 0
870326 1 0.0303
870330 1 0.0303
870458 1 0
872783 1 0
873334 1 0
873398 0.824 0
873556 1 0
873651 1 0
873884 1 0
873906 0.947 0
874022 1 0
874235 1 0
874250 1 0
874727 1 0
875318 1 0
875989 0.917 0.0465
876868 0.85 0
883346 0.172 1
883577 1 0
883925 1 0
886010 1 0
886220 1 0
886388 1 0
886749 1 0
886911 1 0
886917 1 0
886929 1 0
886938 1 0
886944 1 0
886947 1 0
886996 1 0.105
887035 1 0.05
887208 1 0.125
887253 1 0.05
887364 0.944 0
887436 1 0.05
887583 1 0.0833
887664 1 0
887847 1 0.069
887865 1 0.133
890030 1 0
890031 1 0
890268 1 0
890343 1 0
890367 1 0
890384 1 0
890419 1 0
890495 1 0.04
890767 1 0.143
890854 1 0.135
890902 1 0.156
891159 1 0
891160 1 0
891161 1 0
891358 1 0
891372 1 0.0833
891373 1 0.0833
891608 1 0.194
891885 1 0.125
892688 1 0
892691 1 0
892694 1 0
892696 1 0.0455
892700 1 0.0476
892703 1 0
892709 1 0.0417
892715 1 0.05
892730 1 0.04
892801 1 0.135
893177 1 0
893422 1 0.0345
893428 1 0.0357
893452 1 0
893461 1 0.0312
893478 1 0.0312
893500 1 0.0312
893543 1 0
894037 1 0
895056 1 0.174
895152 0 0.824
895269 1 0.105
895372 0 1
895442 1 0
895473 1 0.0541
895480 1 0.08
895494 1 0.121
895497 1 0.0909
895776 1 0.194
895791 1 0.139
895794 1 0.114
895806 1 0.0625
896376 1 0.0444
896400 1 0.122
896456 1 0.176
896523 1 0.185
896538 1 0.111
896550 1 0.0833
896558 1 0.08
896581 1 0.105
896582 1 0.0952
896861 1 0
896937 1 0
896989 1 0.069
897122 1 0.0333
897181 1 0
897248 1 0.1
897392 1 0
897398 1 0
897419 1 0
897448 1 0
897518 1 0.105
898170 1 0.0952
898321 1 0.176
898692 1 0.188
898696 0.143 0.824
899087 1 0.0526
899526 1 0.118
901674 1 0
901890 1 0.0645
902001 0.188 0.875
902036 1 0.118
902038 1 0.118
902053 0.125 0.867
902056 0.133 0.867
920494 1 0.133
920617 1 0
920620 1 0
923560 1 0.133
924154 1 0
924178 1 0.05
925204 1 0.182
925251 1 0.176
925253 1 0.188
925395 1 0.2
925626 1 0.136
925947 1 0
926242 1 0
926635 1 0.133
926703 1 0.0857
926951 1 0.069
927178 0.0769 1
927505 1 0
927568 1 0
927756 0.182 0.926
927839 0.167 1
927853 0.143 1
927868 0.111 1
927956 1 0.167
928327 1 0
928332 0.04 1
928399 1 0
928511 0.167 1
928657 1 0
928683 1 0
928692 1 0
928790 1 0.0909
930496 1 0.111
930538 1 0.15
930574 0.118 0.92
930703 0.2 1
930934 1 0
931128 1 0
931132 1 0
931174 1 0
931213 1 0.188
931402 1 0
931408 0.1 1
931628 1 0.0556
931868 1 0.146
932075 1 0
932097 1 0
932548 1 0
932572 1 0
932659 1 0
932758 1 0
933199 1 0
933208 0.111 1
933558 1 0.089
933873 1 0.111
933897 1 0.133
933954 1 0.148
934053 1 0.136
934062 1 0
934083 1 0
934131 1 0.071
934158 1 0.091
934227 1 0.0590000000000001
934284 1 0
934764 1 0
935656 0.143 1
935795 1 0
937987 1 0
938343 0.2 0.9524
938472 1 0.0667
942589 1 0.0625
973040 1 0
980818 1 0.125
982618 1 0
982619 1 0
982620 1 0
997192 1 0.154
998718 1 0.0909
1002132 1 0
1094129 1 0.136
1094690 1 0.0769
1094693 1 0.188
1095271 0 0.857
1095616 1 0.2
1095619 1 0.2
1095712 1 0
1095715 1 0
1095724 1 0.133
1095730 1 0.143
1095736 1 0.0606
1095790 1 0.143
1095835 1 0.139
1095841 1 0.114
1095844 1 0.143
1095865 1 0.172
1095869 1 0.172
1095877 1 0.143
1097103 1 0.146
1098374 1 0.15
1098401 1 0.087
1098407 1 0.08
1098431 1 0.103
1102281 1 0.0833
1102332 1 0.0588
1102338 1 0.111
1102380 1 0.154
1112589 1 0
1113883 1 0
1118122 1 0
1118203 1 0
1118324 1 0
1118371 1 0
1118372 1 0
1119984 1 0
1121392 1 0
1121445 1 0
1121472 1 0
1121495 1 0
1121547 1 0
1121786 1 0
1121789 1 0
1121798 1 0
1121873 1 0
1122510 0.833 0
1123404 1 0
1123935 0.833 0
1123999 1 0
1144488 1 0
1158106 1 0
1158667 0 1
1158778 0 1
1158828 0 1
1158954 0 1
1164749 1 0.19
1164764 1 0.13
1166681 1 0.1
1166684 1 0.105
1166808 1 0.19
1166837 1 0.125
1166854 1 0.133
1166855 1 0.154
1166882 1 0.133
1166888 1 0.0833
1183487 1 0
1183505 1 0
1183508 1 0
1183532 1 0
1183751 0.96 0
1183784 0.95 0
1183892 1 0
1183979 1 0
1184993 1 0
1185026 1 0
1185062 1 0
1185089 1 0
1185098 1 0
1185101 1 0
1185403 0.917 0
1185406 0.917 0
1185519 1 0
1185525 1 0
1185531 1 0
1185543 1 0
1185661 1 0
1185828 1 0
1185891 1 0
1185893 1 0
1185992 1 0
1186028 0.96 0
1186053 1 0
1186083 0.889 0
1186086 0.875 0
1186164 0.846 0
1186248 1 0
1186284 1 0
1186287 1 0
1186351 1 0
1186352 0.857 0
1186353 1 0
1186365 1 0
1186389 1 0
1186483 1 0
1186488 0.909 0
1186491 1 0
1186846 1 0
1186869 1 0
1186918 1 0
1187178 1 0
1187310 1 0
1187675 1 0
1187759 1 0
1188248 1 0
1188260 0.9375 0
1189082 1 0
1190116 1 0
1193117 1 0
1193276 1 0
1193759 0.174 1
1196403 0.111 1
1198627 1 0
1199021 1 0
1199113 0.125 1
1199226 1 0
1199486 1 0
1199559 1 0
1199791 1 0
1202873 1 0
1202966 1 0
1204101 1 0
1204419 1 0
1205817 1 0
1206044 1 0
1206946 1 0
1207150 0.154 1
1246977 1 0
1247004 1 0
1247156 1 0
1247187 1 0
1247529 1 0
1247847 1 0
1248190 1 0
1248673 1 0
1248701 1 0
1248757 1 0
1248760 1 0
1248856 1 0
1248882 1 0
1249084 1 0
1249150 1 0
1249230 1 0
1249343 1 0
1249486 1 0
1249490 1 0
1249701 1 0
1249781 1 0
1250171 1 0
1250954 1 0
1251041 1 0
1252319 1 0
1253902 1 0
1254079 1 0
1254520 1 0
1255684 0 1
1256060 1 0
1256240 1 0
1256645 1 0
1256675 1 0
1257058 1 0
1257066 1 0
1257113 1 0
1257158 1 0
1257162 1 0
1257230 1 0
1257304 1 0
1257472 1 0
1257540 1 0
1257790 1 0
1257808 1 0
1258219 1 0
1258332 1 0
1258481 1 0
1258638 1 0
1258770 1 0
1259221 1 0
1259408 1 0
1260014 1 0
1260113 1 0
1260200 1 0
1261161 1 0
1261250 1 0
1261496 1 0
1261897 1 0
1262223 1 0
1262229 1 0
1262250 1 0
1262921 1 0
1263009 1 0
1263038 1 0
1263343 1 0
1263633 1 0
1264403 1 0
1264505 1 0
1264723 1 0
1264821 1 0
1264961 1 0
1265151 1 0
1265369 1 0
1265960 1 0
1266419 1 0
1266593 1 0
1266787 1 0
1267169 1 0
1267426 1 0
1267574 1 0
1267592 1 0
1267605 1 0
1267997 0 1
1268168 0 1
1268837 0 1
1268951 0 1
1269167 0 1
1269170 0 1
1269224 0 1
1269447 1 0
1269490 1 0
1269491 1 0
1269747 0 1
1269784 0 1
1270067 1 0
1270433 1 0
1270615 0 1
1273882 0 1
1274125 1 0
1275036 1 0
1275052 0 1
1275163 1 0
1275415 1 0
1275501 0 1
1275571 1 0
1275844 1 0
1276276 1 0
1276399 0 1
1276692 0 1
1277025 1 0
1277074 1 0
1277275 0 1
1277285 1 0
1277978 1 0
1278116 1 0
1278590 1 0
1278609 1 0
1278610 1 0
1278612 1 0
1278862 1 0
1279149 1 0
1279717 1 0
1279819 1 0
1299885 1 0
1302000 1 0
1302002 1 0
1302028 1 0
1306788 1 0
1309125 1 0
1309129 1 0
1320917 1 0.154
1397590 1 0
1397786 1 0.111
1398902 1 0
1399389 1 0.0588
1399471 1 0.0610000000000001
1399494 1 0.0952
1399551 1 0
1399581 0.9167 0
1399656 1 0.105
1399659 1 0.111
1399662 1 0.105
1399665 1 0.1
1399674 1 0.105
1399743 1 0.087
1399752 1 0.077
1399842 0.9167 0
1399845 1 0
1400160 1 0.152
1400166 1 0.143
1400652 1 0.15
1400804 1 0.0833
1400973 1 0
1401258 1 0
1401273 1 0
1401450 1 0
1401534 1 0
1401651 1 0
1401836 1 0
1402083 1 0.0588
1402128 1 0.0741
1402302 1 0
1402467 1 0.0256
1402482 1 0.0625
1402575 1 0
1402878 1 0
1402881 1 0
1405427 1 0.0345
1405804 1 0.176
1405961 1 0
1406008 0.909 0.0571
1406221 1 0
1406248 1 0
1406249 1 0
1406312 1 0
1406326 1 0
1406329 1 0
1406337 1 0
1406346 1 0
1406361 1 0
1406398 1 0
1406436 1 0
1406438 1 0
1406439 1 0
1406470 1 0
1406543 1 0
1406629 0.952 0
1406741 0.889 0
1406756 0.857 0
1406785 1 0
1406835 1 0
1406904 1 0
1406963 1 0
1407010 1 0
1407033 1 0
1407037 1 0
1407058 1 0
1407073 1 0
1407106 1 0
1407301 1 0
1407338 1 0
1407433 1 0
1407442 1 0
1407448 1 0
1407450 1 0
1407457 1 0
1407763 1 0
1407806 1 0
1407811 1 0
1407812 1 0
1407824 1 0
1407850 1 0
1407926 1 0
1407963 1 0
1407992 1 0
1407995 1 0.0714
1408058 1 0
1408091 1 0
1408229 1 0
1408232 0.909 0
1408268 0.818 0
1408277 0.833 0
1408588 0.143 0.824
1408838 1 0
1408894 1 0
1408927 1 0
1409032 1 0
1409033 1 0
1409038 1 0
1409089 1 0
1409120 1 0
1409130 1 0
1409136 1 0
1409161 1 0
1409500 1 0
1410177 1 0
1412923 1 0
1412929 1 0
1413004 1 0.2
1413235 1 0.056
1413982 0 1
1414114 0.143 1
1414465 1 0
1414639 1 0
1415006 1 0
1415008 1 0
1415714 1 0
1415766 1 0
1415782 1 0
1415868 1 0
1416162 1 0
1416282 1 0
1416303 1 0
1416318 1 0
1416329 1 0
1416346 1 0
1416433 1 0
1416453 1 0
1416465 1 0
1416491 1 0
1416600 0.833 0
1416612 0.818 0
1416645 1 0
1416657 1 0
1416761 0.909 0
1416778 1 0
1416831 1 0
1416865 1 0
1416935 1 0
1416938 1 0
1416941 1 0
1416953 1 0
1416992 1 0
1417031 1 0
1417079 1 0
1417088 1 0
1417172 1 0
1423838 1 0.0952
1425077 1 0
1425339 1 0
1425529 1 0
1425808 1 0
1428562 0.889 0.0333
1428575 0.889 0.0263
1428684 1 0.0833
1428697 1 0.087
1428753 1 0.1
1428754 1 0.0833
1428802 1 0
1428836 1 0
1429001 1 0.05
1429020 1 0.0741
1429110 1 0
1429233 1 0.0588
1429296 1 0.0417
1429371 1 0
1429539 1 0
1429549 1 0.0714
1429611 1 0.1
1430945 1 0
1431166 1 0.037
1431497 1 0
1431498 1 0
1431501 1 0
1431507 1 0.0476
1431514 1 0.08
1431558 1 0.1
1431594 1 0.174
1431612 1 0.16
1431615 1 0.16
1431771 1 0
1431822 1 0
1431825 1 0
1431826 1 0
1431834 1 0
1431903 1 0
1432095 1 0
1432100 1 0
1432161 0.833 0
1432234 1 0
1432239 1 0
1432243 1 0
1432245 1 0
1432324 0.929 0
1432359 1 0
1432362 1 0
1432486 0.88 0.0556
1432596 1 0.0588
1432597 1 0.0556
1432599 1 0.0556
1432610 1 0.0417
1432722 1 0.0741
1433055 1 0.0556
1433131 1 0.0769
1433389 1 0.0882
1433434 1 0.125
1433596 1 0.0526
1433737 1 0.119
1435126 1 0
1435539 1 0
1435662 1 0
1435713 1 0
1435743 1 0.0909
1435746 0.95 0.1
1435747 0.95 0.1
1436184 0.875 0
1436770 1 0
1436771 1 0
1436901 1 0
1436912 1 0
1438338 1 0
1439283 0.143 1
1439339 1 0
1439793 0.9091 0
1440690 1 0
1440765 1 0
1440789 1 0
1440843 1 0
1440870 0.9 0
1440876 0.846 0
1440894 1 0
1441527 0.882 0
1442103 0.875 0.105
1442233 1 0
1442269 1 0
1442271 1 0
1442276 1 0
1442460 1 0
1442496 1 0.0323
1442526 0.909 0.037
1442572 1 0.0357
1442629 0.167 0.958
1442647 1 0
1442664 1 0
1442983 0.944 0.107
1444448 1 0
1445192 1 0
1446063 1 0
1449576 1 0
1449592 1 0
1449595 1 0
1449604 1 0
1449607 1 0
1449637 1 0
1449720 1 0
1449766 1 0
1449784 1 0
1449799 1 0
1449895 1 0
1449898 1 0
1449997 1 0
1450924 1 0
1453583 0.143 1
1453589 0.13 1
1453685 0.885 0
1454244 0.182 1
1455052 0.15 1
1456975 1 0.0667
1470783 1 0
1471136 0 1
1471674 1 0
1472016 1 0
1472133 1 0
1472319 0 1
1473645 1 0
1476173 0 1
1476363 0 1
1477202 1 0
1477492 1 0
1477531 1 0
1477570 1 0
1477573 1 0
1477585 1 0
1477630 1 0
1478180 1 0
1478776 1 0
1478827 1 0
1478875 1 0
1479712 0 1
1479773 0 1
1479947 0 1
1480187 0 1
1480819 0 1
1480827 0 1
1480865 0 1
1480900 0 1
1481097 0 1
1481282 0 1
1481383 1 0
1481421 1 0
1481481 0.889 0
1481487 0 1
1481712 0 0.967
1481807 0 1
1481910 0 1
1481966 1 0
1482226 0.833 0
1482691 0 1
1482766 1 0
1484000 0 1
1484111 1 0
1484123 1 0
1484126 1 0
1484234 1 0
1484302 1 0
1484360 1 0
1484363 1 0
1484421 1 0
1484445 1 0
1484553 1 0
1484831 1 0
1484860 1 0
1484995 1 0
1485055 1 0
1485070 1 0
1485121 1 0
1485125 1 0
1485288 1 0
1485354 1 0
1485372 1 0
1485373 1 0
1485443 1 0
1485482 1 0
1485541 1 0
1485564 1 0
1485588 0.857 0
1485646 1 0
1485655 1 0
1485796 1 0
1485817 1 0
1485829 1 0
1485875 1 0
1485927 1 0
1485951 1 0
1485973 1 0
1486090 1 0
1486133 1 0
1486210 1 0
1486280 1 0
1486371 1 0
1486552 1 0
1486721 1 0
1486757 0 1
1486761 1 0
1486871 1 0
1486943 1 0
1487051 1 0
1487063 1 0
1487072 1 0
1487093 1 0
1487102 1 0
1487192 1 0
1487204 1 0
1487225 1 0
1487252 1 0
1487368 1 0
1487389 1 0
1487397 1 0
1487413 1 0
1487481 1 0
1487608 1 0
1487629 1 0
1487632 1 0
1487712 0 1
1487764 1 0
1487797 1 0
1488020 0.875 0
1488023 0.889 0
1488202 1 0
1488277 0 1
1488741 0 1
1488841 0 1
1489105 1 0
1489111 1 0
1489114 1 0
1489117 1 0
1489195 1 0
1489972 1 0.0909
1490659 1 0.05
1492513 0.9091 0
1492769 1 0
1492883 1 0
1492885 1 0
1492891 1 0
1493083 1 0.19
1493097 1 0.19
1493100 1 0.182
1493202 1 0.182
1494729 1 0.12
1494744 1 0.136
1494862 1 0.158
1494904 1 0.125
1494923 1 0
1497018 0.867 0
1497108 1 0
1497761 1 0
1498622 1 0
1500390 0.182 0.857
1501316 1 0.0909
1501901 0.889 0
1502326 1 0
1502338 1 0
1502498 1 0.091
1502602 1 0.158
1502612 1 0.15
1502723 1 0
1503479 0.143 1
1505177 1 0
1505178 1 0
1505193 1 0
1505208 1 0
1505250 1 0.107
1505313 1 0.115
1505325 1 0.115
1506126 0.875 0.182
1507837 1 0
1508744 1 0.185
1508785 1 0.125
1509509 1 0.121
1509528 1 0.148
1509533 1 0.174
1509602 1 0
1509686 1 0
1509749 1 0
1509773 1 0
1509803 1 0.088
1509899 1 0.079
1528657 1 0
1528669 1 0
1528690 1 0
1529272 0.917 0
1530262 1 0
1530282 0.833 0
1530283 1 0
1530647 0.875 0
1530659 1 0
1530677 1 0
1530710 1 0
1531013 0.929 0
1531053 1 0.182
1531060 1 0
1531136 1 0
1531277 1 0
1531288 1 0
1531343 1 0
1531418 0.125 1
1531420 0.143 1
1531816 1 0
1532261 1 0
1533801 0.938 0
1534828 1 0
1534838 1 0
1535165 1 0
1535167 1 0
1535168 1 0
1535176 1 0
1535348 1 0
1535354 1 0
1535390 1 0
1535550 1 0
1535998 0.176 0.81
1537054 1 0
1537173 1 0
1538299 1 0
1538774 1 0
1539077 1 0
1539170 1 0
1539232 1 0
1539243 1 0
1539251 1 0
1539261 1 0
1539316 1 0
1539565 1 0
1539577 1 0
1539591 1 0
1539684 1 0
1539749 1 0
1539777 1 0
1540011 1 0.105
1540266 0.857 0
1540332 1 0
1540356 1 0
1540608 1 0
1540979 1 0
1540980 1 0
1541240 1 0
1541409 1 0.0667
1541862 1 0.0417
1542332 1 0.108
1543082 0 0.9429
1546087 1 0.0909
1548425 1 0.114
1548515 1 0
1549314 1 0
1550391 1 0.184
1551565 1 0.0345
1551616 1 0.0294
1551685 1 0.042
1552455 1 0.125
1553704 1 0.154
1553959 1 0
1554061 1 0.119
1554240 1 0
1554370 1 0.1
1554401 1 0.0667
1558006 1 0.083
1600159 1 0
1601576 1 0.171
1601599 1 0.188
1605652 1 0.129
1607691 0.0833 0.88
1607769 0.0588 1
1607938 1 0
1608281 1 0
1608596 0.133 1
1608605 0.1 1
1608671 1 0.0669999999999999
1609130 1 0
1609136 1 0
1609141 1 0
1609189 1 0
1609190 1 0
1609230 1 0
1609281 1 0
1609617 1 0
1609627 1 0
1609640 1 0
1610841 1 0.0571
1610847 1 0.0556
1610915 1 0.121
1610972 1 0.0952
1611194 1 0
1611216 1 0.16
1611241 1 0
1611259 1 0
1611265 1 0
1617883 1 0
1617886 1 0
1618427 1 0
1619998 1 0
1620019 1 0
1621174 1 0
1621593 0.889 0
1621989 1 0
1622363 1 0
1622429 1 0
1622465 1 0
1622474 1 0
1622551 1 0
1622575 1 0
1622672 0.933 0.0645
1622714 1 0.0323
1622741 1 0.0303
1622905 1 0
1622915 1 0
1622954 1 0
1622989 1 0
1623029 1 0.027
1623111 1 0
1623122 1 0.0333
1623223 1 0
1623363 1 0
1624202 1 0
1624248 1 0
1624250 1 0
1624286 1 0
1624334 1 0
1624371 1 0
1624398 1 0
1624427 1 0
1624429 1 0
1625000 1 0.0769
1625276 1 0
1626178 1 0.038
1626370 1 0
1626397 1 0
1629205 1 0
1629434 1 0
1629503 1 0
1630000 1 0.105
1631358 0.167 0.9545
1632493 0.2 1
1632557 0.111 1
1632821 1 0.0571
1633609 1 0
1634245 0.111 0.875
1634269 0.08 0.875
1634423 1 0
1637066 1 0
1637836 1 0
1637859 1 0
1637893 1 0
1637904 1 0
1637908 1 0
1637966 1 0
1637987 1 0
1638183 0.167 0.846
1638193 1 0
1638298 1 0
1638500 1 0
1638599 1 0
1638604 1 0
1638760 1 0
1639047 1 0
1639349 1 0
1640078 1 0.0476
1640390 1 0.0417
1640767 1 0.0476
1640998 1 0.0769
1641001 1 0.0769
1641659 1 0
1641668 1 0
1645177 0.833 0.0476
1645381 1 0
1645383 1 0
1649248 1 0
1649249 1 0
1649452 1 0.08
1649476 1 0.087
1649479 1 0.087
1649697 1 0.186
1664353 1 0
1664476 1 0
1664800 1 0.05
1664806 0.857 0.0435
1664818 1 0.0417
1664828 0.857 0.0417
1664836 1 0.0385
1664875 1 0.0556
1664902 1 0.0667
1664940 1 0
1664941 1 0
1677284 1 0.0571
1677526 1 0.0541
1677556 1 0.0556
1677859 1 0
1677967 1 0
1678507 1 0
1678600 1 0.0606
1678699 1 0.04
1678700 1 0
1679032 1 0.111
1679038 1 0.111
1679080 1 0.0732
1679093 1 0
1679098 1 0.1
1679119 1 0.093
1679164 1 0.0968
1679303 1 0.133
1679311 1 0.133
1679830 1 0
1680202 1 0
1680571 1 0
1680650 1 0
1680739 1 0
1681658 0 0.871
1681664 0 0.9231
1682035 0 0.929
1682333 0.0526 0.846
1682404 0.071 0.92
1682449 0 0.968
1682480 0 0.821
1684611 1 0
1688156 0 0.812
1688346 0 0.812
1688347 0 0.824
1689909 0.111 0.971
1690661 1 0
1692641 0 0.95
1692997 1 0
1693592 0 0.974
1693921 1 0
1694029 0 1
1703995 0 0.9565
1704446 1 0
1704458 1 0
1704503 1 0
1704644 1 0
1704671 1 0
1704839 1 0
1705202 0 1
1705217 0 1
1705230 0 1
1705304 0 1
1705328 0 1
1705442 0 1
1707176 1 0
1707211 1 0
1707219 1 0
1707797 1 0
1714487 1 0
1715194 1 0
1715241 1 0
1715381 1 0
1715881 1 0
1716106 1 0
1716130 1 0
1716162 1 0
1716177 1 0
1718322 1 0
1718448 1 0
1719823 0.833 0.174
1719843 1 0.176
1719896 0.909 0
1720065 1 0
1721758 1 0
1721788 1 0
1721804 1 0
1721823 1 0
1721825 1 0
1721828 1 0
1721930 1 0
1722005 1 0
1722049 1 0
1722590 0.091 0.867
1722593 0.125 1
1722608 0.125 0.882
1723370 0.875 0
1724122 1 0
1724339 1 0.0889
1724352 1 0
1724401 1 0
1724404 1 0
1724452 1 0
1724527 1 0
1724533 1 0
1724542 0.9 0
1724571 0.875 0
1724800 1 0
1725436 0.875 0
1726170 1 0
1726573 1 0
1734996 0.842 0
1735149 0 0.941
1735326 1 0
1735785 1 0
1735824 1 0
1736100 1 0
1736355 1 0
1736370 1 0
1736700 0 0.875
1738100 1 0.093
1738104 0 0.902
1738153 1 0
1738623 1 0
1738673 0.9 0
1738676 0.917 0
1738736 0.909 0
1739093 0.143 0.805
1739108 1 0
1746692 0.857 0
1746694 0.857 0
1755478 0 0.88
1758191 1 0.087
1758194 1 0.0909
1759466 1 0
1759478 1 0
1759479 1 0
1761991 0.833 0.188
1762065 1 0
1762066 1 0
1762067 1 0
1762070 1 0
1762118 1 0.105
1763179 1 0.0588
1763665 1 0.125
1763701 1 0.0667
1763716 1 0
1763717 1 0.05
1763719 1 0.0625
1763746 1 0
1763773 1 0
1763938 1 0
1763959 1 0
1765134 1 0.182
1765149 1 0.182
1765152 1 0.182
1765371 0 1
1765372 0 1
1765377 0 1
1765380 0 1
1765384 0 1
1765413 1 0
1766370 1 0.105
1766373 0 0.882
1766403 1 0.111
1766409 0 0.889
1768179 1 0.0833
1768711 1 0
1768816 1 0.167
1768825 0.933 0.179
1768994 0.92 0.069
1769020 1 0.12
1770160 1 0
1770163 1 0
1770322 1 0
1770337 1 0
1770349 1 0
1770358 1 0
1770388 1 0
1770397 1 0
1770523 1 0
1770538 1 0
1770544 1 0
1770556 1 0.111
1771213 1 0.154
1771223 1 0
1774543 1 0
1774633 1 0
1774642 1 0
1774693 0.875 0
1775376 1 0
1775650 1 0.0833
1776178 1 0.0667
1776916 1 0.133
1778871 1 0.118
1780002 0.857 0.0556
1780007 1 0
1780194 1 0
1780217 1 0
1780222 1 0
1780224 1 0
1780227 1 0
1780241 1 0
1780278 1 0
1780287 1 0
1788037 1 0.1
1788056 1 0.167
1788065 1 0.154
1788096 1 0
1788721 1 0.167
1788728 1 0.154
1788734 1 0.133
1788743 1 0.133
1788751 1 0.133
1789148 1 0.179
1789169 1 0.161
1789732 1 0
1789733 1 0
1789739 1 0
1789754 1 0.0952
1790276 1 0.143
1791110 1 0.156
1791629 1 0.0769
1791641 1 0.08
1792112 1 0
1792115 1 0
1792118 1 0
1792121 1 0
1792124 1 0
1792192 1 0.0714
1792725 1 0.0667
1809750 1 0.15
1809936 1 0.182
1812526 0.9 0.125
1812527 0.9 0.056
1813498 1 0.103
1813500 1 0.0976
1813507 1 0.103
1813519 1 0.114
1822922 1 0.167
1822961 1 0.188
1822967 1 0.188
1824752 1 0.161
1824755 0.875 0.179
1824767 0.875 0.156
1826213 1 0.154
1826225 1 0
1826973 1 0
1827723 1 0
1827736 1 0
1827976 1 0
1827977 1 0
1827980 1 0
1827983 1 0
1827986 1 0
1827992 1 0
1828043 0.9 0.0333
1828051 0.889 0.0312
1828052 1 0.0312
1828064 0.875 0.0294
1828067 0.875 0.0286
1828070 0.875 0.0323
1828088 0.875 0
1832898 1 0.0952
1832910 1 0.15
1832913 0.889 0.15
1833402 1 0.129
1833414 1 0.111
1844579 0.95 0
1844586 0.941 0
1844730 1 0
1844734 1 0
1844836 1 0.125
1850380 1 0
1850834 1 0.143
1851053 1 0
1851069 1 0
1851512 1 0.125
1851767 1 0.13
1855623 1 0
1855655 1 0
1861734 1 0
1862398 1 0.185
1862842 1 0
1862857 1 0
1864358 0 0.818
1866767 0 1
1867022 0 1
1868114 1 0
1868177 0 1
1868236 0 1
1868354 0 0.833
1868387 0 0.852
1868555 0 1
1868795 1 0.143
1868813 1 0.143
1868819 1 0.0769
1868822 1 0.0769
1868835 0 1
1868836 1 0
1868842 1 0
1869144 1 0
1869193 0 1
1869408 1 0
1869599 1 0
1869612 1 0
1869831 0 1
1869916 1 0
1871068 0 0.906
1871071 0 0.903
1871079 1 0
1871125 1 0
1871875 1 0
1872018 1 0
1872037 1 0
1875464 1 0
1879671 1 0
1881422 1 0.182
1881484 1 0.1
1881563 1 0
1881582 1 0
1881652 1 0
1881692 1 0
1881830 1 0
1882603 1 0
1882664 1 0.15
1882769 1 0
1882843 1 0.0323
1882911 1 0.0938
1883814 1 0
1883898 1 0
1883942 0 0.9
1884210 1 0
1884279 1 0
1884702 0 1
1884711 0 1
1884732 1 0
1884744 1 0
1885106 1 0
1885632 1 0.0682
1885633 1 0.0698
1886665 1 0.1
1888765 1 0.0645
1902882 1 0
1903137 1 0
1904325 0 1
1904327 0 1
1904332 0 1
1904557 0 1
1904634 0 1
1904738 0 0.941
1904752 1 0
1905816 1 0
1906502 1 0
1906545 1 0
1906620 1 0
1906634 1 0
1906799 1 0
1906821 1 0
1906848 1 0
1906857 1 0
1906866 1 0
1906872 1 0
1906986 1 0
1907548 1 0
1907562 1 0
1917085 0 1
1917209 0 1
1917233 0 1
1917305 0 1
1920940 0 0.951
1920978 1 0.19
1921106 1 0.1
1921134 1 0
1921139 0 1
1921154 1 0
1921531 1 0.083
1921861 1 0
1921886 0 0.818
1921931 1 0.118
1922008 1 0
1922010 1 0.186
1922234 1 0
1922327 1 0
1922330 1 0
1922354 0 1
1922372 1 0
1922397 0 0.875
1922402 1 0
1922417 1 0
1922420 1 0
1922429 1 0
1922469 1 0
1922477 1 0
1922497 1 0
1922534 1 0
1922540 1 0
1922552 1 0
1922561 1 0
1922576 1 0
1922594 1 0
1922635 1 0
1922654 1 0
1922675 1 0
1922684 0 1
1922698 0 1
1922699 0 1
1922711 1 0
1922747 1 0
1922783 1 0.045
1922823 0 1
1922870 1 0
1922872 1 0
1923367 0 0.826
1923533 1 0.0476
1923974 1 0
1923992 1 0
1924490 0 1
1924636 1 0
1924655 1 0
1924658 1 0
1925318 0 0.826
1925348 1 0.0455
1925405 0 0.9722
1925420 0 1
1925431 0 1
1925513 0 1
1925561 0 1
1925594 0 1
1925624 0 1
1925643 0 1
1925714 0 1
1925890 0 1
1925926 0 1
1926138 0 0.897
1926226 0 1
1926250 0 1
1926389 0 1
1926434 0 1
1926455 0 1
1926523 0 1
1926547 0 1
1926564 0 1
1926569 0 1
1926570 0 1
1926680 0 1
1926694 0 1
1926696 0 1
1926767 0 1
1926882 0 1
1926896 0 1
1926918 1 0
1926950 0 1
1926968 0 1
1926971 0 1
1926983 0 1
1926986 0 1
1927046 0 1
1927053 0 1
1927063 1 0
1927075 0 1
1927076 0 1
1927084 1 0
1927112 0 1
1927118 0 1
1927124 0 1
1927132 1 0
1927283 0 1
1927289 0 1
1927331 0 1
1927334 0 1
1927342 1 0
1927406 0 1
1927417 1 0
1927418 1 0
1927474 1 0
1927475 0 1
1927576 0 1
1927726 0 1
1927771 0 1
1927798 1 0
1927856 1 0
1928002 0 0.9677
1928074 0 0.842
1928083 0 0.9211
1928143 0 1
1928193 0 1
1928215 1 0
1928230 1 0
1928329 0 1
1928353 0 1
1928488 0 1
1928563 0 1
1928596 0 1
1928739 1 0
1928761 0 1
1928796 0 1
1928805 0 1
1928806 0 1
1928814 0 1
1929010 0 0.821
1929063 0 1
1929206 0 1
1929224 0 1
1929254 0 1
1929266 0 1
1929286 0 1
1929374 1 0
1929383 1 0
1929404 1 0
1929418 1 0
1929429 1 0
1929430 1 0
1929452 0 1
1929453 0 1
1929479 1 0
1929560 1 0
1929653 1 0.0571
1929656 1 0.0541
1929671 1 0.0625
1929713 1 0.05
1929809 1 0
1929917 1 0.0541
1929923 1 0.0571
1929938 1 0.0556
1929973 1 0.087
1930010 1 0.0833
1930025 1 0
1930044 1 0
1930051 1 0
1930070 1 0
1930091 1 0
1930093 1 0
1930103 1 0
1930124 1 0
1930133 1 0
1930139 1 0
1930157 1 0
1930728 1 0
1930730 1 0
1930731 1 0
1930867 1 0.05
1930873 1 0.0476
1931170 1 0.176
1931248 1 0.0556
1931413 1 0.125
1931464 1 0.0625
1931470 1 0.0556
1931473 1 0.0625
1931479 1 0
1931764 0.917 0
1931789 0.944 0
1931843 1 0.0938
1931925 1 0.125
1931976 1 0.171
1932107 1 0.189
1932965 1 0.118
1932974 1 0.118
1932976 1 0.111
1932995 1 0.125
1933818 1 0
1933843 1 0
1934715 1 0
1934871 1 0
1934994 0 0.909
1935066 0 0.958
1935069 0 0.964
1935097 0 0.967
1935225 1 0.071
1935263 1 0.069
1936785 0 0.886
1936789 0 0.882
1937349 0.857 0
1937610 0 1
1937679 0 1
1937682 0 0.882
1937683 0 0.882
1937798 0 1
1937982 0.182 0.84
1938411 1 0
1938441 1 0
1940284 0 0.968
1940948 0.1 0.841
1941209 1 0
1941919 1 0.135
1941928 1 0.192
1942038 1 0
1942489 0 1
1942492 0 1
1943192 0 0.969
1943507 0 1
1943684 0 1
1944842 0.0588 1
1944846 0.0588 1
1944849 0.0385 1
1945115 1 0
1945905 0 0.842
1946538 1 0
1946710 0 1
1946713 0 1
1946755 0 1
1946917 0 1
1946920 0 1
1946965 0 1
1946993 0 1
1947007 0 1
1947034 0 1
1947058 0 1
1947372 0 1
1947411 0 1
1948291 0 1
1948294 0 1
1948298 0 1
1948301 1 0
1948316 0 1
1948550 0 1
1948552 0 1
1948571 0 1
1948574 0 1
1948619 0 1
1948802 0 1
1948838 0 1
1949080 0 1
1949100 0 1
1949322 0 1
1949472 0 1
1949514 0 1
1949720 0 1
1949738 0 1
1949767 0 1
1949877 0 1
1949913 0 1
1949955 0 1
1950124 0 1
1950143 0 1
1950147 0 1
1950631 0 1
1950716 0 1
1950760 0 1
1950770 0 1
1950886 0 1
1950980 0 1
1950983 0 1
1951043 0 1
1951070 0 1
1951076 0 1
1951220 0 1
1951295 0 1
1951423 0 1
1951502 0 1
1951672 0 1
1951934 0 1
1951936 0 1
1954960 0 0.944
1955306 0 1
1956694 0 1
1956699 1 0
1956700 1 0
1956701 1 0
1956704 1 0
1956738 1 0
1956945 1 0
1956947 1 0
1956956 1 0
1957139 1 0
1957274 1 0
1957302 1 0
1957314 1 0
1957400 1 0
1957935 1 0.167
1957957 1 0.167
1957958 1 0.15
1957960 1 0.174
1964397 0.833 0
1965317 1 0.158
1966143 1 0
1967627 1 0
1967634 1 0
1967637 1 0
1993330 1 0.194
1995675 1 0
1998683 1 0
2006848 1 0
2006865 1 0
2006874 1 0
2008308 0.9 0
2008335 1 0
2008471 0.9091 0.026
2008512 0.938 0
2009863 0.833 0
2013937 0.143 1
2015187 1 0
2016150 1 0
2016620 0 1
2016765 1 0
2016864 1 0
2017219 0.85 0
2017222 0.857 0
2017340 1 0
2017369 1 0
2020489 0.933 0
2022142 1 0.16
2022415 1 0.167
2022558 1 0
2029626 1 0
2032568 1 0
2032751 1 0
2034064 1 0
2034352 1 0
2034381 1 0
2034479 1 0.0909
2034482 1 0.0909
2036484 0.182 1
2036622 1 0
2036625 1 0
2036637 1 0
2036645 0.897 0
2036646 0.889 0
2036652 0.909 0
2036655 0.903 0
2036742 1 0
2036760 1 0
2036765 1 0
2036772 1 0
2036919 1 0
2036922 1 0
2037033 0.143 1
2037515 1 0
2038023 0.2 1
2038140 1 0
2038602 0 1
2038611 0 1
2038689 0.2 1
2043092 1 0
2050330 1 0
2050333 1 0
2050885 1 0
2050913 1 0
2050936 1 0
2051085 1 0
2054367 1 0
2058272 1 0
2058317 1 0.05
2058518 1 0
2058560 1 0.0909
2058619 1 0
2058621 1 0
2058710 1 0
2058724 1 0
2058894 0.882 0.133
2059082 1 0.073
2059087 1 0.086
2059941 1 0
2059976 1 0
2059989 1 0
2060017 1 0
2060414 0.105 1
2061161 1 0
2061242 1 0
2061254 1 0
2061260 1 0
2061269 1 0
2061372 1 0
2061380 1 0
2061407 1 0
2061423 1 0
2061479 1 0
2061503 1 0
2061515 1 0
2061536 1 0
2061563 1 0.115
2061677 1 0.194
2061680 1 0.188
2061686 1 0.194
2061765 1 0
2061885 1 0
2061937 1 0
2061954 1 0
2061990 1 0
2062012 1 0
2062078 1 0
2062079 1 0
2062110 1 0.024
2062161 1 0.023
2062214 1 0.135
2062266 1 0
2062314 1 0
2062320 1 0
2062353 1 0
2062377 1 0.156
2062389 1 0.038
2062392 0 1
2062416 1 0
2062606 1 0
2062611 1 0
2062695 1 0.125
2062920 1 0
2062983 1 0
2063786 1 0
2063788 1 0
2066451 0 1
2066474 0 0.955
2066475 0 0.96
2066493 1 0.05
2066519 0 0.96
2066547 1 0.0476
2066550 1 0
2066768 0 0.857
2066799 0 1
2066853 0 0.957
2067218 0 1
2067259 1 0
2067700 1 0.161
2068394 0 1
2068397 0 1
2068430 0 1
2068440 0 1
2068476 0 1
2068486 0 1
2068553 0 1
2068703 0 0.952
2068772 0 0.857
2068781 0 1
2068804 0 1
2068829 0 1
2068856 0 1
2068872 0 1
2068898 0 1
2068952 0 1
2069265 0 0.968
2069411 0 1
2069452 0 1
2069509 0 1
2069926 0 0.864
2069947 0 0.833
2070208 0 1
2070668 0 1
2070669 0 1
2070679 0 1
2070819 0 1
2070845 1 0
2070911 0 0.837
2070947 0 0.818
2071109 0 1
2071261 0 1
2071415 0 1
2071530 0 1
2071598 0 1
2072128 0 1
2072403 1 0
2072454 0 0.923
2073450 0 1
2073455 0 1
2073523 0 1
2073578 0 1
2073634 0 1
2073694 0 1
2073722 0 1
2073796 1 0
2073799 0 1
2073849 0 1
2073853 0 1
2074012 1 0
2074032 0 1
2074135 0 1
2074219 0 1
2074279 1 0
2074375 1 0.111
2074378 1 0
2074379 1 0
2074380 1 0
2074381 1 0
2074392 1 0
2074404 1 0
2074408 1 0
2074411 0 1
2074474 1 0
2074519 1 0
2074525 1 0
2074534 1 0
2074540 1 0
2074582 1 0
2074621 0 1
2074650 1 0
2074708 1 0
2074774 1 0
2074852 1 0
2074951 1 0
2074975 1 0
2075008 0 1
2075032 1 0
2075035 1 0
2075212 1 0
2075350 1 0
2075353 1 0
2075371 1 0
2075395 0 1
2075428 0 1
2075443 0 1
2075470 0 1
2075487 1 0
2075488 1 0
2075491 1 0
2075518 0 1
2075677 1 0.0952
2075710 1 0.0741
2075767 0 0.9444
2075824 1 0
2075827 1 0
2075872 1 0
2076235 0 1
2076238 0 1
2076241 0 1
2076247 0 1
2076265 1 0
2076348 1 0
2076367 1 0
2076375 1 0
2076485 1 0
2076499 1 0
2076723 1 0
2076753 1 0
2076756 1 0
2076769 0 1
2076770 0 1
2076780 0 1
2078660 0 1
2079063 0 1
2081654 0.2 1
2084017 1 0
2084026 0 1
2084291 1 0
2090399 0 1
2090405 1 0
2090424 1 0.0625
2090470 0 0.85
2090506 0 0.833
2111556 1 0
2111974 1 0
2111986 1 0
2111987 1 0
2112136 1 0
2112617 1 0.0323
2112618 1 0.0323
2113547 1 0
2113653 1 0.0610000000000001
2115794 1 0
2116338 0 0.818
2116352 1 0.136
2116630 1 0.107
2116681 1 0.152
2116685 1 0.147
2116697 1 0.154
2116807 1 0.0256
2116934 1 0
2116955 1 0.023
2117230 1 0
2117364 1 0
2117468 1 0.167
2117488 1 0.188
2117638 0 1
2117707 0.05 1
2117728 0.0455 1
2117760 0.0303 1
2118202 0.095 1
2118211 1 0
2118268 1 0
2118310 1 0
2118316 1 0
2118370 1 0
2126884 1 0.154
2126886 1 0.167
2127141 1 0.0667
2127532 1 0
2128725 1 0
2128874 0 1
2128918 0 1
2129682 0.125 1
2142953 0.174 1
2142990 0.143 1
2142996 0.143 1
2145105 1 0
2145113 1 0
2145159 0.833 0
2145201 1 0
2145213 1 0
2145217 1 0
2145228 1 0
2145243 1 0
2145249 1 0
2145756 0.111 1
2145757 0.111 1
2145947 0.167 1
2146137 0.174 1
2146149 0.182 1
2146182 0.154 1
2146711 0.043 1
2146719 0.143 1
2146810 0.154 1
2147200 1 0
2147323 0.188 1
2147337 1 0
2147346 0.188 1
2148197 1 0
2148209 1 0
2148245 1 0
2148248 1 0
2148257 1 0
2150259 0.12 1
2150654 0.1 0.971
2151974 1 0
2152348 0.105 1
2152950 1 0
2154138 0.125 1
2154141 0.125 1
2154168 0.111 1
2154323 0.136 1
2154324 0.12 1
2154335 0.15 1
2154340 0.136 1
2154729 0.167 1
2155072 1 0
2155199 0.182 1
2155224 1 0
2155860 1 0
2156441 1 0
2156732 0.9565 0
2157267 0.944 0
2157804 1 0
2160224 1 0
2160252 1 0
2160273 1 0
2160405 1 0
2160459 1 0.0455
2160468 1 0
2164191 0.818 0
2165040 0.0833 1
2165064 0.0769 1
2165066 0.0833 1
2165075 0.1 1
2165076 0.926 0
2165268 1 0
2165349 1 0
2165403 1 0
2167174 0.167 1
2170268 0 1
2171039 0 1
2171295 0 1
2171304 0 1
2171322 0 1
2171493 0.182 1
2172084 1 0.05
2172388 0.154 1
2172403 0.2 1
2172421 0.182 1
2172997 1 0.14
2173060 1 0.186
2173068 1 0.136
2173093 1 0.133
2173100 1 0.121
2173105 1 0.125
2173109 1 0.121
2173125 1 0.121
2173144 1 0
2173253 1 0
2173347 1 0
2173365 1 0
2173374 1 0
2173391 1 0
2173458 0.833 0
2173524 1 0
2173527 1 0
2173530 1 0
2173554 1 0
2173731 0.2 1
2173830 1 0
2176988 1 0
2177006 1 0
2177012 1 0
2177221 0.857 0
2177412 0.897 0
2177445 1 0
2177451 1 0
2177496 1 0
2177522 1 0
2177616 1 0
2177634 1 0
2178067 1 0
2178734 1 0
2178749 1 0
2179037 1 0
2179055 1 0
2179058 1 0
2179109 1 0
2179118 1 0
2179151 1 0
2179172 1 0
2179181 1 0
2179184 1 0
2179195 1 0
2179214 1 0
2179259 1 0
2179313 1 0
2179319 1 0
2179322 1 0
2179337 1 0
2179565 1 0
2179580 1 0
2179598 1 0
2179619 1 0
2179714 1 0
2179898 0.909 0
2179997 1 0
2180398 0.833 0
2180411 0.833 0
2180453 1 0
2180459 1 0
2180480 1 0.0541
2180483 1 0
2180489 1 0
2180504 1 0
2180549 1 0
2182623 0.167 1
2182897 0 1
2182993 0 0.974
2183804 0 0.949
2183840 0 1
2183850 0 1
2184172 0 0.93
2184317 0 1
2184473 1 0
2184578 1 0
2185382 0 1
2185653 1 0
2186051 1 0
2186282 1 0
2186367 1 0
2186477 1 0.049
2186817 1 0
2202907 0 1
2202908 0 1
2207912 0 1
2208257 1 0
2208272 1 0
2217556 0.889 0
2262388 0.875 0
2274841 0.958 0
2275933 1 0
2296531 0.167 1
2296543 0.143 1
2304964 1 0
2310962 1 0
2311139 1 0.148
2311202 1 0.0952
2311730 1 0.16
2311808 0 0.867
2312239 1 0.143
2312273 0 0.919
2312336 0 0.941
2313575 0.167 0.966
2313578 0.167 0.933
2313581 0.167 0.933
2349897 0.833 0
2349900 0.833 0
2349910 1 0
2350164 1 0
2350545 0.167 1
2350707 0.143 1
2350709 0.158 1
2351574 0.0938 1
2351592 0.1 1
2351619 0.143 1
2351637 0.125 1
2356283 1 0
2356291 1 0
2356741 0.9 0
2356742 1 0
2359377 1 0.0385
2374167 1 0
2374172 1 0
2374176 1 0
2374177 1 0
2374901 1 0
2375410 1 0
2375428 1 0
2375645 1 0
2375894 1 0
2375907 1 0
2375965 1 0
2375977 1 0
2376322 0.125 0.895
2376351 0.182 0.868
2393985 1 0
2393989 1 0
2395919 1 0
2395931 1 0
2395945 1 0
2396264 1 0
2396267 1 0
2396276 1 0
2396279 1 0
2396330 1 0
2396336 1 0
2396422 1 0.0333
2396553 1 0
2396561 1 0
2396586 1 0
2396600 1 0
2396721 1 0.0263
2396742 1 0.0256
